[gd_scene load_steps=62 format=3 uid="uid://d8g64g8viihh"]

[ext_resource type="Script" uid="uid://ba6qmt80akqib" path="res://entities/enemies/enemy.gd" id="1_ksmh7"]
[ext_resource type="PackedScene" uid="uid://dkh8rsc2pvxl0" path="res://entities/enemies/components/AlertIndicator/alert_indicator.tscn" id="2_lmmiu"]
[ext_resource type="PackedScene" uid="uid://b72gnkqh5atrs" path="res://ui/HealthBar3D/health_bar_3d.tscn" id="2_twyc1"]
[ext_resource type="PackedScene" uid="uid://jwhg4beayert" path="res://ui/health_component/HealthComponent.tscn" id="2_wqcwe"]
[ext_resource type="Script" uid="uid://nqcrxsuj1cdf" path="res://ui/HealthBar3D/enemy_health_bar.gd" id="3_2ggct"]
[ext_resource type="PackedScene" uid="uid://duk5b06ohkpsc" path="res://entities/enemies/monstr.tscn" id="3_5lf1o"]
[ext_resource type="PackedScene" uid="uid://bh7ppnkyaubf7" path="res://vfx/hit_flash/HitFlash.tscn" id="4_msovg"]
[ext_resource type="Script" uid="uid://br8c8ywc11oph" path="res://common/components/combat_component.gd" id="5_2k7wq"]
[ext_resource type="Script" uid="uid://jti4ucm7ho77" path="res://common/components/animation_controller.gd" id="5_ftsks"]
[ext_resource type="Script" uid="uid://cks4om3mks65h" path="res://common/components/movement_component.gd" id="6_2k7wq"]
[ext_resource type="Script" uid="uid://bms48mt88e42c" path="res://entities/enemies/components/vision_component.gd" id="7_56i32"]
[ext_resource type="Script" uid="uid://c55cu0n3gbdfm" path="res://entities/enemies/components/enemy_attack_component.gd" id="8_sb13e"]
[ext_resource type="Script" uid="uid://cbx8244k71rsk" path="res://common/fsm/state_machine.gd" id="9_3udgd"]
[ext_resource type="Script" uid="uid://cxbbb82wp8q2v" path="res://entities/enemies/states/enemy_idle.gd" id="10_xmuku"]
[ext_resource type="Script" uid="uid://cvvgodl7fxgrn" path="res://entities/enemies/states/enemy_patrol.gd" id="11_2ggct"]
[ext_resource type="Script" uid="uid://cbsjg06awuo6g" path="res://entities/enemies/states/enemy_chase.gd" id="12_wy1il"]
[ext_resource type="Script" uid="uid://dirsi2ohsa4hb" path="res://entities/enemies/states/enemy_attack.gd" id="13_53k0f"]
[ext_resource type="Script" uid="uid://c6ccg8dnavfcp" path="res://entities/enemies/states/enemy_frustrated.gd" id="14_u01qb"]
[ext_resource type="Script" uid="uid://bn3bsn15qof6y" path="res://entities/enemies/states/enemy_dead.gd" id="15_4teby"]
[ext_resource type="Script" uid="uid://n1t4ruinfklm" path="res://entities/enemies/states/enemy_combat_stance.gd" id="17_53k0f"]
[ext_resource type="Script" uid="uid://c2im05hged14y" path="res://entities/enemies/states/enemy_flee.gd" id="17_wy1il"]
[ext_resource type="Script" uid="uid://ilu7xai8rnii" path="res://common/utils/random_audio_player_3d.gd" id="18_4teby"]
[ext_resource type="AudioStream" uid="uid://cy6x7q0s5irk7" path="res://assets/audio/mixkit-fantasy-monster-grunt-1977.mp3" id="19_8edke"]
[ext_resource type="AudioStream" uid="uid://bdgv843qcydoo" path="res://assets/audio/mixkit-soft-quick-punch-2151.mp3" id="20_ku6gj"]
[ext_resource type="AudioStream" uid="uid://b0r7fs2xvvu45" path="res://assets/audio/mixkit-strong-punches-to-the-body-2198-3.mp3" id="21_8edke"]
[ext_resource type="AudioStream" uid="uid://dctdgj0rwbvj5" path="res://assets/audio/mixkit-strong-punches-to-the-body-2198-2.mp3" id="22_y4tt3"]
[ext_resource type="AudioStream" uid="uid://brbtr34dd38x8" path="res://assets/audio/mixkit-strong-punches-to-the-body-2198-1.mp3" id="23_21xsh"]
[ext_resource type="AudioStream" uid="uid://q382v6423pvu" path="res://assets/audio/mixkit-impact-of-a-strong-punch-2155.mp3" id="24_y4tt3"]
[ext_resource type="Shader" uid="uid://bxxg6h5x5fm3t" path="res://assets/shaders/GrassCollisionSphere.gdshader" id="25_21xsh"]

[sub_resource type="AnimationNodeAnimation" id="AnimationNodeAnimation_2k7wq"]
animation = &"Monstr_attack_1"

[sub_resource type="AnimationNodeAnimation" id="AnimationNodeAnimation_llg7d"]
animation = &"Monstr_attack_2"

[sub_resource type="AnimationNodeAnimation" id="AnimationNodeAnimation_nkaw1"]
animation = &"Monstr_hit"

[sub_resource type="AnimationNodeTimeSeek" id="AnimationNodeTimeSeek_6fcqh"]

[sub_resource type="AnimationNodeAnimation" id="AnimationNodeAnimation_dec5i"]
animation = &"Monstr_angry"

[sub_resource type="AnimationNodeTransition" id="AnimationNodeTransition_0j0it"]
xfade_time = 0.2
input_0/name = "Attack1"
input_0/auto_advance = false
input_0/break_loop_at_end = false
input_0/reset = true
input_1/name = "Attack2"
input_1/auto_advance = false
input_1/break_loop_at_end = false
input_1/reset = true

[sub_resource type="AnimationNodeOneShot" id="AnimationNodeOneShot_712qu"]
filters = ["..", "root/Skeleton3D:arm_stretch.l", "root/Skeleton3D:arm_stretch.r", "root/Skeleton3D:arm_twist.l", "root/Skeleton3D:arm_twist.r", "root/Skeleton3D:forearm_stretch.l", "root/Skeleton3D:forearm_stretch.r", "root/Skeleton3D:forearm_twist.l", "root/Skeleton3D:forearm_twist.r", "root/Skeleton3D:hand.l", "root/Skeleton3D:hand.r", "root/Skeleton3D:head.x", "root/Skeleton3D:neck.x", "root/Skeleton3D:root.x", "root/Skeleton3D:shoulder.l", "root/Skeleton3D:shoulder.r", "root/Skeleton3D:spine_01.x"]
fadein_time = 0.2
fadeout_time = 0.1

[sub_resource type="AnimationNodeAnimation" id="AnimationNodeAnimation_pbvo2"]
animation = &"Monstr_walk"
play_mode = 1

[sub_resource type="AnimationNodeAnimation" id="AnimationNodeAnimation_5ltra"]
animation = &"Monstr_attack_idle"

[sub_resource type="AnimationNodeAnimation" id="AnimationNodeAnimation_t287r"]
animation = &"Monstr_walk"

[sub_resource type="AnimationNodeAnimation" id="AnimationNodeAnimation_tqj2o"]
animation = &"Monstr_run"

[sub_resource type="AnimationNodeBlendSpace1D" id="AnimationNodeBlendSpace1D_21xsh"]
blend_point_0/node = SubResource("AnimationNodeAnimation_pbvo2")
blend_point_0/pos = -1.0
blend_point_1/node = SubResource("AnimationNodeAnimation_5ltra")
blend_point_1/pos = 0.0
blend_point_2/node = SubResource("AnimationNodeAnimation_t287r")
blend_point_2/pos = 1.0
blend_point_3/node = SubResource("AnimationNodeAnimation_tqj2o")
blend_point_3/pos = 2.0
max_space = 2.0

[sub_resource type="AnimationNodeAnimation" id="AnimationNodeAnimation_6ak4d"]
animation = &"Monstr_death"
use_custom_timeline = true
timeline_length = 1.0
stretch_time_scale = true
start_offset = 0.0
loop_mode = 0

[sub_resource type="AnimationNodeOneShot" id="AnimationNodeOneShot_nkaw1"]
filter_enabled = true
filters = ["root/Skeleton3D:c_traj", "root/Skeleton3D:head.x", "root/Skeleton3D:neck.x", "root/Skeleton3D:root.x", "root/Skeleton3D:shoulder.l", "root/Skeleton3D:shoulder.r", "root/Skeleton3D:spine_01.x"]
fadein_time = 0.01
fadeout_time = 0.01

[sub_resource type="AnimationNodeAnimation" id="AnimationNodeAnimation_6fcqh"]
animation = &"Monstr_knockdown"
use_custom_timeline = true
timeline_length = 0.3
stretch_time_scale = true
start_offset = 0.0
loop_mode = 0

[sub_resource type="AnimationNodeOneShot" id="AnimationNodeOneShot_dec5i"]
filters = ["root/Skeleton3D:arm_stretch.l", "root/Skeleton3D:arm_stretch.r", "root/Skeleton3D:arm_twist.l", "root/Skeleton3D:arm_twist.r", "root/Skeleton3D:forearm_stretch.l", "root/Skeleton3D:forearm_stretch.r", "root/Skeleton3D:forearm_twist.l", "root/Skeleton3D:forearm_twist.r", "root/Skeleton3D:hand.l", "root/Skeleton3D:hand.r", "root/Skeleton3D:head.x", "root/Skeleton3D:neck.x", "root/Skeleton3D:root.x", "root/Skeleton3D:shoulder.l", "root/Skeleton3D:shoulder.r", "root/Skeleton3D:spine_01.x"]
fadein_time = 0.1
fadeout_time = 0.1

[sub_resource type="AnimationNodeAnimation" id="AnimationNodeAnimation_21xsh"]
animation = &"Monstr_idle"
advance_on_start = true

[sub_resource type="AnimationNodeAnimation" id="AnimationNodeAnimation_rag6w"]
animation = &"Monstr_walk"

[sub_resource type="AnimationNodeAnimation" id="AnimationNodeAnimation_ftsks"]
animation = &"Monstr_run"

[sub_resource type="AnimationNodeAnimation" id="AnimationNodeAnimation_712qu"]
animation = &"Monstr_walk"
play_mode = 1

[sub_resource type="AnimationNodeBlendSpace1D" id="AnimationNodeBlendSpace1D_2k7wq"]
blend_point_0/node = SubResource("AnimationNodeAnimation_21xsh")
blend_point_0/pos = 0.0
blend_point_1/node = SubResource("AnimationNodeAnimation_rag6w")
blend_point_1/pos = 1.0
blend_point_2/node = SubResource("AnimationNodeAnimation_ftsks")
blend_point_2/pos = 2.0
blend_point_3/node = SubResource("AnimationNodeAnimation_712qu")
blend_point_3/pos = -1.0
max_space = 2.0

[sub_resource type="AnimationNodeTransition" id="AnimationNodeTransition_pbvo2"]
xfade_time = 0.2
input_0/name = "normal"
input_0/auto_advance = false
input_0/break_loop_at_end = false
input_0/reset = true
input_1/name = "strafe"
input_1/auto_advance = false
input_1/break_loop_at_end = false
input_1/reset = true
input_2/name = "chase"
input_2/auto_advance = false
input_2/break_loop_at_end = false
input_2/reset = true

[sub_resource type="AnimationNodeTransition" id="AnimationNodeTransition_5ltra"]
xfade_time = 0.2
input_0/name = "alive"
input_0/auto_advance = false
input_0/break_loop_at_end = false
input_0/reset = true
input_1/name = "dead"
input_1/auto_advance = false
input_1/break_loop_at_end = false
input_1/reset = true
input_2/name = "angry"
input_2/auto_advance = false
input_2/break_loop_at_end = false
input_2/reset = true

[sub_resource type="AnimationNodeAnimation" id="AnimationNodeAnimation_lmmiu"]
animation = &"Monstr_walk_strafe_l"

[sub_resource type="AnimationNodeAnimation" id="AnimationNodeAnimation_vkm0h"]
animation = &"Monstr_walk_strafe_r"

[sub_resource type="AnimationNodeAnimation" id="AnimationNodeAnimation_0j0it"]
animation = &"Monstr_attack_idle"

[sub_resource type="AnimationNodeBlendSpace1D" id="AnimationNodeBlendSpace1D_llg7d"]
blend_point_0/node = SubResource("AnimationNodeAnimation_lmmiu")
blend_point_0/pos = -1.0
blend_point_1/node = SubResource("AnimationNodeAnimation_vkm0h")
blend_point_1/pos = 1.0
blend_point_2/node = SubResource("AnimationNodeAnimation_0j0it")
blend_point_2/pos = 0.0

[sub_resource type="AnimationNodeBlendTree" id="AnimationNodeBlendTree_21xsh"]
graph_offset = Vector2(-174.30302, -561.0378)
nodes/output/position = Vector2(1216, 176)
nodes/locomotion_blend/node = SubResource("AnimationNodeBlendSpace1D_2k7wq")
nodes/locomotion_blend/position = Vector2(144, -624)
nodes/strafe_blend/node = SubResource("AnimationNodeBlendSpace1D_llg7d")
nodes/strafe_blend/position = Vector2(144, -464)
nodes/move_mode/node = SubResource("AnimationNodeTransition_pbvo2")
nodes/move_mode/position = Vector2(336, -416)
nodes/state/node = SubResource("AnimationNodeTransition_5ltra")
nodes/state/position = Vector2(1056, 128)
nodes/dead/node = SubResource("AnimationNodeAnimation_6ak4d")
nodes/dead/position = Vector2(864, 192)
nodes/angry/node = SubResource("AnimationNodeAnimation_dec5i")
nodes/angry/position = Vector2(704, 384)
nodes/TimeSeek/node = SubResource("AnimationNodeTimeSeek_6fcqh")
nodes/TimeSeek/position = Vector2(896, 368)
nodes/attack_oneshot/node = SubResource("AnimationNodeOneShot_712qu")
nodes/attack_oneshot/position = Vector2(496, -224)
nodes/hit_oneshot/node = SubResource("AnimationNodeOneShot_nkaw1")
nodes/hit_oneshot/position = Vector2(672, -160)
nodes/attack_idx/node = SubResource("AnimationNodeTransition_0j0it")
nodes/attack_idx/position = Vector2(336, -160)
nodes/Attack1/node = SubResource("AnimationNodeAnimation_2k7wq")
nodes/Attack1/position = Vector2(144, -128)
nodes/Attack2/node = SubResource("AnimationNodeAnimation_llg7d")
nodes/Attack2/position = Vector2(144, 32)
nodes/Hit/node = SubResource("AnimationNodeAnimation_nkaw1")
nodes/Hit/position = Vector2(464, 80)
nodes/knockdown_oneshot/node = SubResource("AnimationNodeOneShot_dec5i")
nodes/knockdown_oneshot/position = Vector2(848, -80)
nodes/knockdown/node = SubResource("AnimationNodeAnimation_6fcqh")
nodes/knockdown/position = Vector2(624, 112)
nodes/chase_blend/node = SubResource("AnimationNodeBlendSpace1D_21xsh")
nodes/chase_blend/position = Vector2(144, -304)
node_connections = [&"output", 0, &"state", &"move_mode", 0, &"locomotion_blend", &"move_mode", 1, &"strafe_blend", &"move_mode", 2, &"chase_blend", &"state", 0, &"knockdown_oneshot", &"state", 1, &"dead", &"state", 2, &"TimeSeek", &"TimeSeek", 0, &"angry", &"attack_oneshot", 0, &"move_mode", &"attack_oneshot", 1, &"attack_idx", &"hit_oneshot", 0, &"attack_oneshot", &"hit_oneshot", 1, &"Hit", &"attack_idx", 0, &"Attack1", &"attack_idx", 1, &"Attack2", &"knockdown_oneshot", 0, &"hit_oneshot", &"knockdown_oneshot", 1, &"knockdown"]

[sub_resource type="BoxShape3D" id="BoxShape3D_msovg"]
size = Vector3(2.2810059, 1.4276657, 2.4621277)

[sub_resource type="CapsuleShape3D" id="CapsuleShape3D_lw7nh"]

[sub_resource type="ShaderMaterial" id="ShaderMaterial_rag6w"]
render_priority = 0
shader = ExtResource("25_21xsh")

[sub_resource type="SphereMesh" id="SphereMesh_wy1il"]

[node name="Enemy" type="CharacterBody3D" groups=["enemies", "level_detail_objects"]]
collision_layer = 4
collision_mask = 75
collision_priority = 0.6
script = ExtResource("1_ksmh7")
show_debug_label = false
help_radius = 8.0
retreat_speed = 1.5
attack_rotation_speed = 5.0

[node name="VisibleOnScreenNotifier3D" type="VisibleOnScreenNotifier3D" parent="."]
aabb = AABB(-1.0936372, -0.47408557, -0.99435246, 2.1872745, 2.4518332, 1.9887049)

[node name="AlertIndicator" parent="." instance=ExtResource("2_lmmiu")]
transform = Transform3D(1, 0, 0, 0, 1, 0, 0, 0, 1, 0, 2.6, 0)
aggro_color = Color(1, 1, 0, 0.78431374)
attack_color = Color(1, 0, 0, 0.78431374)

[node name="HealthBar3D" parent="." instance=ExtResource("2_twyc1")]
transform = Transform3D(1, 0, 0, 0, 1, 0, 0, 0, 1, 0, 2.175171, 0)
script = ExtResource("3_2ggct")
fade_delay = 5.0

[node name="Components" type="Node" parent="."]

[node name="HealthComponent" parent="Components" instance=ExtResource("2_wqcwe")]
max_health = 8.0

[node name="AnimationController" type="Node" parent="Components" node_paths=PackedStringArray("anim_tree")]
script = ExtResource("5_ftsks")
anim_tree = NodePath("../../Monstr/AnimationTree")

[node name="CombatComponent" type="Node" parent="Components" node_paths=PackedStringArray("punch_hand_r", "punch_hand_l", "attack_area")]
script = ExtResource("5_2k7wq")
faction = 1
self_recoil_strength = 2.5
primary_attack_speed = 1.0
attack_cooldown = 1.5
combo_window_time = 0.5
combo_cooldown_after_combo = 0.01
attack_roll_cancel_threshold = 0.5
kb_strength_normal = 5.0
kb_height_normal = 8.0
hs_prop_time_scale = 0.5
hs_prop_duration = 0.01
hs_normal_time_scale = 0.4
hs_normal_duration = 0.01
hs_finisher_time_scale = 0.3
hs_finisher_duration = 0.01
punch_hand_r = NodePath("../../Monstr/HitboxesContainer/punch_hand_r")
punch_hand_l = NodePath("../../Monstr/HitboxesContainer/punch_hand_l")
attack_area = NodePath("../../Monstr/PunchArea")

[node name="MovementComponent" type="Node" parent="Components"]
script = ExtResource("6_2k7wq")
rotation_speed = 5.0
push_force = 80.0
roll_push_multiplier = 1.5
jump_height = 1.45
jump_time_to_peak = 0.3
jump_time_to_descent = 0.25
second_jump_multiplier = 1.4

[node name="EnemyAttackComponent" type="Node" parent="Components"]
script = ExtResource("8_sb13e")
tactical_retreat_distance = 3.0
retreat_interrupt_range = 0.8

[node name="VisionComponent" type="Node3D" parent="Components"]
script = ExtResource("7_56i32")
sight_range = 6.0
lost_sight_range = 8.0
proximity_detection_range = 2.5
scan_interval = 0.5

[node name="StateMachine" type="Node" parent="." node_paths=PackedStringArray("initial_state")]
script = ExtResource("9_3udgd")
initial_state = NodePath("Idle")

[node name="Idle" type="Node" parent="StateMachine"]
script = ExtResource("10_xmuku")

[node name="Patrol" type="Node" parent="StateMachine"]
script = ExtResource("11_2ggct")

[node name="Chase" type="Node" parent="StateMachine"]
script = ExtResource("12_wy1il")

[node name="Attack" type="Node" parent="StateMachine"]
script = ExtResource("13_53k0f")
warning_lead_time = 0.6

[node name="Frustrated" type="Node" parent="StateMachine"]
script = ExtResource("14_u01qb")

[node name="Dead" type="Node" parent="StateMachine"]
script = ExtResource("15_4teby")

[node name="Flee" type="Node" parent="StateMachine"]
script = ExtResource("17_wy1il")
flee_speed = 1.0

[node name="CombatStance" type="Node" parent="StateMachine"]
script = ExtResource("17_53k0f")

[node name="HitFlash" parent="." instance=ExtResource("4_msovg")]
mesh_path = NodePath("../Monstr/root/Skeleton3D/Monstr")
flash_time = 0.2

[node name="NavigationAgent3D" type="NavigationAgent3D" parent="."]
path_desired_distance = 0.75
avoidance_enabled = true
neighbor_distance = 10.0
max_neighbors = 5
time_horizon_agents = 0.5
time_horizon_obstacles = 1.0
max_speed = 20.0

[node name="Monstr" parent="." instance=ExtResource("3_5lf1o")]

[node name="punch_hand_r" parent="Monstr/HitboxesContainer" index="0"]
transform = Transform3D(-0.15819503, -0.072443016, -0.98474777, -0.22532934, -0.9682029, 0.107444696, -0.961353, 0.23885545, 0.13686082, -0.69839674, 0.5513806, 0.117422976)

[node name="punch_hand_l" parent="Monstr/HitboxesContainer" index="1"]
transform = Transform3D(-0.15933321, 0.081607275, 0.98384607, 0.22339153, -0.96753687, 0.11646831, 0.9616091, 0.23829065, 0.13596119, 0.7140912, 0.55639666, 0.13010465)

[node name="Skeleton3D" parent="Monstr/root" index="0"]
bones/0/rotation = Quaternion(4.86768e-08, 8.742278e-08, 3.3001185e-15, 1)
bones/1/position = Vector3(1.1756389e-10, 0.41031057, -0.0049734013)
bones/1/rotation = Quaternion(0.042217515, -2.1071057e-06, -8.685672e-08, 0.9991085)
bones/2/position = Vector3(-0.022524755, 0.26574484, -0.020226445)
bones/2/rotation = Quaternion(-0.045832478, -0.012400665, 0.0057814675, 0.99885553)
bones/2/scale = Vector3(0.99999994, 0.9999999, 0.9999999)
bones/3/rotation = Quaternion(0.23842315, 3.128357e-06, 4.6795194e-06, 0.9711614)
bones/4/position = Vector3(-7.912331e-09, 0.06338386, -2.648917e-07)
bones/4/rotation = Quaternion(-0.24838555, -4.078135e-06, -4.826645e-06, 0.96866137)
bones/4/scale = Vector3(1, 1.0000001, 1)
bones/5/position = Vector3(-0.12985575, 0.47531104, -0.03137876)
bones/5/rotation = Quaternion(-0.5774063, 0.43477127, 0.5075222, 0.4690387)
bones/6/rotation = Quaternion(-0.5681395, 0.14126977, -0.04698409, 0.80935335)
bones/6/scale = Vector3(0.99999994, 0.99999946, 0.9999999)
bones/7/rotation = Quaternion(1.4334988e-07, -0.13043629, 3.8878962e-08, 0.99145675)
bones/7/scale = Vector3(0.99999994, 1.0000005, 0.99999994)
bones/8/rotation = Quaternion(-4.0857994e-08, -5.6827613e-08, 0.40088224, 0.91612965)
bones/8/scale = Vector3(1, 0.99999964, 1)
bones/9/rotation = Quaternion(9.4361475e-08, -0.29152462, -5.149385e-08, 0.95656335)
bones/10/rotation = Quaternion(-0.16404589, -0.22219627, -0.32408074, 0.9048147)
bones/10/scale = Vector3(0.9999991, 0.9999994, 0.9999994)
bones/11/position = Vector3(0.12819621, 0.47652745, -0.023932528)
bones/11/rotation = Quaternion(0.31418458, 0.56464267, 0.674967, -0.35621116)
bones/12/rotation = Quaternion(-0.42591348, -0.33757594, 0.3355266, 0.76945573)
bones/12/scale = Vector3(1.0000001, 0.99999946, 1.0000002)
bones/13/rotation = Quaternion(3.084934e-08, 0.48616397, -3.686343e-08, 0.87386763)
bones/13/scale = Vector3(0.9999998, 1.0000007, 1.0000001)
bones/14/rotation = Quaternion(-1.9673326e-08, -6.355811e-08, -0.0017998964, 0.99999845)
bones/14/scale = Vector3(1, 1.0000004, 0.99999994)
bones/15/rotation = Quaternion(4.527193e-09, 0.1855311, 2.9791657e-08, 0.9826384)
bones/16/rotation = Quaternion(-0.21475703, 0.22454247, -0.13943657, 0.94022214)
bones/16/scale = Vector3(0.99999887, 0.9999992, 0.9999993)
bones/17/rotation = Quaternion(0.72630274, 0.43807143, 0.50037605, 0.17378598)
bones/17/scale = Vector3(0.99999994, 1.0000001, 0.9999997)
bones/18/rotation = Quaternion(-2.151468e-08, 0.14835899, 7.671881e-08, 0.98893356)
bones/19/rotation = Quaternion(4.387744e-08, 1.5586325e-08, 0.42251068, 0.906358)
bones/19/scale = Vector3(0.99999964, 0.9999998, 0.99999976)
bones/20/rotation = Quaternion(0.13276383, 0.69269776, -0.32154536, 0.63178504)
bones/20/scale = Vector3(1.0000004, 1.0000002, 1.0000001)
bones/21/rotation = Quaternion(-4.918134e-07, 0.91525155, 0.4028828, -5.757998e-07)
bones/22/rotation = Quaternion(-4.959242e-08, 0.0911586, 2.0409338e-08, 0.9958364)
bones/23/rotation = Quaternion(0.7156489, -0.26275328, -0.635794, -0.12072076)
bones/23/scale = Vector3(0.99999994, 0.9999999, 0.9999997)
bones/24/rotation = Quaternion(-1.0196716e-07, -0.025480146, -9.574905e-09, 0.99967533)
bones/25/rotation = Quaternion(-4.227191e-08, -1.2469037e-08, -0.38205808, 0.92413837)
bones/25/scale = Vector3(0.99999994, 1.0000001, 0.9999997)
bones/26/rotation = Quaternion(0.20337711, -0.4895344, 0.5802173, 0.61833787)
bones/26/scale = Vector3(1.0000002, 1, 1)
bones/27/rotation = Quaternion(3.8668566e-07, 0.91525155, 0.40288314, 4.4961544e-07)
bones/28/rotation = Quaternion(-1.342471e-07, -0.02172418, 5.9350022e-08, 0.9997641)

[node name="Monstr" parent="Monstr/root/Skeleton3D" index="0"]
layers = 2

[node name="hand_r" parent="Monstr/root/Skeleton3D" index="1"]
transform = Transform3D(-0.15819493, -0.072453156, -0.9847454, -0.22532919, -0.9683385, 0.10744444, -0.96135235, 0.23888889, 0.13686049, -0.69839674, 0.5513806, 0.117422976)

[node name="hand_l" parent="Monstr/root/Skeleton3D" index="2"]
transform = Transform3D(-0.15933436, 0.08162475, 0.98384374, 0.22339314, -0.967744, 0.11646804, 0.96161604, 0.23834166, 0.13596088, 0.7140912, 0.55639666, 0.13010465)

[node name="Physical Bone root_x" parent="Monstr/root/Skeleton3D/PhysicalBoneSimulator3D" index="0"]
transform = Transform3D(1, -4.043678e-06, -1.0398892e-08, -3.5148588e-07, -0.084359854, -0.99643534, 4.0283862e-06, 0.9964354, -0.08435985, -3.814337e-06, 0.55172604, 0.0071458695)
joint_offset = Transform3D(1, 0, 0, 0, 1, 0, 0, 0, 1, 3.8144697e-06, -0.0001462437, 0.14193372)
body_offset = Transform3D(1, -1.1277734e-10, -3.9790393e-12, -3.9790393e-12, -7.450581e-09, -1.0000001, 1.12322596e-10, 1.0000001, 0, -3.8144692e-06, 0.14193374, 0.00014624372)

[node name="Physical Bone spine_01_x" parent="Monstr/root/Skeleton3D/PhysicalBoneSimulator3D" index="1"]
transform = Transform3D(0.99962556, -0.02530484, 0.01041649, 0.010595284, 0.006941843, -0.9999198, 0.025230503, 0.9996557, 0.007207355, -0.025075447, 0.92427814, -0.0045348657)
joint_offset = Transform3D(1, 0, 0, 0, 1, 0, 0, 0, 1, -2.6076965e-05, 4.2232987e-05, 0.24748358)
body_offset = Transform3D(1.0000001, 3.1851232e-07, -4.1049498e-07, -4.117319e-07, -0.00016948674, -1.0000001, -3.1664968e-07, 1.0000004, -0.00016946811, 2.6178546e-05, 0.24748361, -2.924353e-07)

[node name="Physical Bone neck_x" parent="Monstr/root/Skeleton3D/PhysicalBoneSimulator3D" index="2"]
transform = Transform3D(0.9996294, -0.017581822, 0.020787412, 0.0104433475, -0.45749757, -0.8891496, 0.02514306, 0.8890371, -0.4571444, -0.028253153, 1.1912131, 0.008387351)
joint_offset = Transform3D(1, 0, 0, 0, 1, 0, 0, 0, 1, 1.5837586e-06, 1.4594409e-05, 0.032142982)
body_offset = Transform3D(1.0000001, 6.7055225e-08, -0.00018324982, -0.00018324889, -0.00083598495, -1.0000001, -2.2351742e-07, 1, -0.00083604455, 4.3064356e-06, 0.032142997, 1.2278557e-05)

[node name="Physical Bone shoulder_r" parent="Monstr/root/Skeleton3D/PhysicalBoneSimulator3D" index="3"]
transform = Transform3D(0.13369167, -0.18760014, 0.9731047, -0.031618033, 0.98061216, 0.19339135, -0.9905185, -0.056622468, 0.12516811, -0.34877694, 1.1120846, -0.065629594)
joint_offset = Transform3D(1, 0, 0, 0, 1, 0, 0, 0, 1, -4.124421e-05, 0.00018227441, 0.19764549)
body_offset = Transform3D(0.99999917, 6.6682696e-07, -0.0015587136, -0.0015586764, 0.00033165002, -0.99999875, -9.313226e-08, 1.0000004, 0.00033171335, 0.00034931675, 0.1976451, -0.0002478361)

[node name="Physical Bone arm_stretch_r" parent="Monstr/root/Skeleton3D/PhysicalBoneSimulator3D" index="4"]
transform = Transform3D(0.38874504, -0.17654721, -0.9042723, -0.15710072, -0.979798, 0.123755276, -0.9078528, 0.09395259, -0.40862724, -0.53274995, 1.0758524, -0.088646755)
joint_offset = Transform3D(1, 0, 0, 0, 1, 0, 0, 0, 1, -1.6274369e-05, 5.7174725e-06, 8.322372e-05)
body_offset = Transform3D(1.0000001, -0.00045012683, -0.00065758824, 0.00045073032, 1.0000004, 0.0008592643, 0.00065740943, -0.00085974485, 0.9999997, 1.6331673e-05, -5.7816505e-06, -8.3208084e-05)

[node name="Physical Bone forearm_stretch_r" parent="Monstr/root/Skeleton3D/PhysicalBoneSimulator3D" index="5"]
transform = Transform3D(0.13393135, -0.90405494, 0.4058905, -0.826088, 0.124389775, 0.54964155, -0.5473948, -0.4089155, -0.73016924, -0.6284803, 0.6460149, -0.008236401)
joint_offset = Transform3D(1, 0, 0, 0, 1, 0, 0, 0, 1, -1.0519471e-05, -4.387152e-05, 0.058368627)
body_offset = Transform3D(1.0000005, -0.00015214086, 0.00016275048, 0.00016328692, 0.0004184544, -1.0000007, 0.00015214086, 1, 0.00041875243, 1.013279e-06, 0.058368683, 1.9431114e-05)

[node name="Physical Bone shoulder_l" parent="Monstr/root/Skeleton3D/PhysicalBoneSimulator3D" index="6"]
transform = Transform3D(-0.58118564, 0.005197648, -0.8137544, -0.12638716, 0.9872691, 0.096572, 0.8038965, 0.15897438, -0.5731297, 0.26363212, 1.1356168, 0.08222923)
joint_offset = Transform3D(1, 0, 0, 0, 1, 0, 0, 0, 1, 0.004238266, 0.00043918876, 0.1965014)
body_offset = Transform3D(0.99987286, 0.0019415468, -0.01585573, -0.015853077, -0.0013537332, -0.9998735, -0.0019627362, 0.99999756, -0.0013227537, -0.0011229068, 0.19654432, -0.00017094612)

[node name="Physical Bone arm_stretch_l" parent="Monstr/root/Skeleton3D/PhysicalBoneSimulator3D" index="7"]
transform = Transform3D(0.3522776, 0.4628369, 0.8134387, 0.084501006, -0.88133514, 0.46487415, 0.932073, -0.095028356, -0.34958482, 0.41941744, 1.1174153, 0.18964177)
joint_offset = Transform3D(1, 0, 0, 0, 1, 0, 0, 0, 1, 0, 0, 0)
body_offset = Transform3D(1, -0.00012176484, 0.000300318, 0.00012174994, 1.0000006, -0.0004571043, -0.00030058622, 0.00045709312, 0.99999976, 0, 0, 0)

[node name="Physical Bone forearm_stretch_l" parent="Monstr/root/Skeleton3D/PhysicalBoneSimulator3D" index="8"]
transform = Transform3D(0.35074994, 0.8141689, -0.46271333, 0.08757252, 0.46342275, 0.8817996, 0.9323656, -0.34981212, 0.09124667, 0.63423514, 0.7080556, 0.14586416)
joint_offset = Transform3D(1, 0, 0, 0, 1, 0, 0, 0, 1, -2.975736e-05, -2.5535552e-05, 0.058393378)
body_offset = Transform3D(1, 0.00021874905, 0.00028003007, 0.0002796203, 0.0011823364, -0.9999996, -0.0002193451, 0.9999993, 0.0011823326, 1.3411045e-05, 0.05839339, -4.351139e-05)

[node name="Physical Bone thigh_stretch_l" parent="Monstr/root/Skeleton3D/PhysicalBoneSimulator3D" index="9"]
transform = Transform3D(0.1160937, 0.4620212, 0.8792376, 0.75849605, -0.6127568, 0.22183993, 0.6412536, 0.641144, -0.42157838, 0.20555802, 0.38803625, -0.015364977)
joint_offset = Transform3D(0.999999, 0, 0, 0, 1, 0, 0, 0, 0.999999, 2.1284899e-05, 1.5337779e-05, -1.7644732e-05)
body_offset = Transform3D(0.9999998, -0.00078469515, -0.0003399253, 0.000785023, 0.99999964, 0.00035631657, 0.00033962727, -0.000356704, 1.0000001, -2.1278858e-05, -1.5348196e-05, 1.7642975e-05)

[node name="Physical Bone leg_stretch_l" parent="Monstr/root/Skeleton3D/PhysicalBoneSimulator3D" index="10"]
transform = Transform3D(0.42870298, 0.8789335, -0.20902096, 0.019565225, 0.22227332, 0.9747881, 0.90323365, -0.4219841, 0.0780927, 0.30737504, 0.19907296, 0.09730362)
joint_offset = Transform3D(1, 0, 0, 0, 1, 0, 0, 0, 1, 1.8548048e-05, -1.9525958e-05, 0.07764542)
body_offset = Transform3D(1.0000004, -0.00043404102, -0.0003149882, -0.0003151819, 3.5390258e-05, -1.0000001, 0.00043401122, 1.0000006, 3.52785e-05, 5.90086e-06, 0.077645436, 1.6778708e-05)

[node name="Physical Bone foot_l" parent="Monstr/root/Skeleton3D/PhysicalBoneSimulator3D" index="11"]
transform = Transform3D(-0.96192247, 0.21594703, -0.16754742, 0.0005811941, 0.61461705, 0.7888255, 0.27332202, 0.7586915, -0.5913394, 0.3350983, 0.071052104, 0.13210312)
joint_offset = Transform3D(1, 0, 0, 0, 1, 0, 0, 0, 1, 0.00034201803, -0.0002270815, 0.06876432)
body_offset = Transform3D(0.99999917, -0.0013845712, 0.0003424883, 0.00034165382, -0.00074619055, -0.99999964, 0.0013848692, 0.9999992, -0.00074601173, -0.0003658831, 0.068764, 0.00027790666)

[node name="Physical Bone thigh_stretch_r" parent="Monstr/root/Skeleton3D/PhysicalBoneSimulator3D" index="12"]
transform = Transform3D(0.05293487, -0.53111696, -0.8456434, -0.13968894, -0.8424427, 0.5203627, -0.98877954, 0.09058169, -0.118785754, -0.20551063, 0.3880515, -0.015339665)
joint_offset = Transform3D(0.999999, 0, 0, 0, 1, 0, 0, 0, 0.999999, -2.7199035e-06, 3.235734e-05, 2.8344883e-05)
body_offset = Transform3D(1.0000001, -0.00030176342, -0.0004284829, 0.00030100346, 0.9999986, -0.0017908085, 0.00042897463, 0.0017905487, 0.99999857, 2.7418137e-06, -3.2305717e-05, -2.8401613e-05)

[node name="Physical Bone leg_stretch_r" parent="Monstr/root/Skeleton3D/PhysicalBoneSimulator3D" index="13"]
transform = Transform3D(0.41544405, -0.8446415, 0.33761963, 0.4962511, 0.521523, 0.6940811, -0.7623261, -0.12080776, 0.63581795, -0.32990488, 0.17808859, -0.047839064)
joint_offset = Transform3D(1, 0, 0, 0, 1, 0, 0, 0, 1, 0.00012264664, -0.0001105525, 0.07758606)
body_offset = Transform3D(0.99999225, 0.0034949407, -0.0019873977, -0.0019823909, -0.0014336631, -0.99999714, -0.0034977496, 0.99999356, -0.0014266595, 3.193505e-05, 0.07758593, 0.00022166967)

[node name="Physical Bone foot_r" parent="Monstr/root/Skeleton3D/PhysicalBoneSimulator3D" index="14"]
transform = Transform3D(-0.95004416, -0.2455187, 0.19270875, 0.0013530278, 0.6141822, 0.7891631, -0.31211257, 0.7500006, -0.583168, -0.3682431, 0.07073662, -0.05586526)
joint_offset = Transform3D(1, 0, 0, 0, 1, 0, 0, 0, 1, 0.00029535723, 0.00021807794, 0.068788536)
body_offset = Transform3D(0.99999917, -0.00101313, -0.00092589855, -0.0009264201, -0.00019562244, -1, 0.0010133684, 0.9999997, -0.00019648671, -0.00023144484, 0.068788856, -0.00020486116)

[node name="AnimationPlayer" parent="Monstr" index="2"]
callback_mode_process = 2
autoplay = "Monstr_idle"
playback_default_blend_time = 0.2
blend_times = [&"Monstr_idle", &"Monstr_angry", 0.2, &"Monstr_idle", &"Monstr_attack_1", 0.2, &"Monstr_idle", &"Monstr_attack_idle", 0.2, &"Monstr_idle", &"Monstr_idle", 0.2, &"Monstr_idle", &"Monstr_knockdown", 0.2, &"Monstr_idle", &"Monstr_walk", 0.2]

[node name="AnimationTree" type="AnimationTree" parent="Monstr"]
tree_root = SubResource("AnimationNodeBlendTree_21xsh")
anim_player = NodePath("../AnimationPlayer")
parameters/locomotion_blend/blend_position = 0.0
parameters/strafe_blend/blend_position = 0.0
parameters/move_mode/current_state = "chase"
parameters/move_mode/transition_request = ""
parameters/move_mode/current_index = 2
parameters/state/current_state = "alive"
parameters/state/transition_request = ""
parameters/state/current_index = 0
parameters/TimeSeek/seek_request = -1.0
parameters/attack_oneshot/active = false
parameters/attack_oneshot/internal_active = false
parameters/attack_oneshot/request = 0
parameters/hit_oneshot/active = false
parameters/hit_oneshot/internal_active = false
parameters/hit_oneshot/request = 0
parameters/attack_idx/current_state = "Attack1"
parameters/attack_idx/transition_request = ""
parameters/attack_idx/current_index = 0
parameters/knockdown_oneshot/active = false
parameters/knockdown_oneshot/internal_active = false
parameters/knockdown_oneshot/request = 0
parameters/chase_blend/blend_position = 0.0

[node name="PunchArea" type="Area3D" parent="Monstr"]
collision_layer = 2

[node name="CollisionShape3D" type="CollisionShape3D" parent="Monstr/PunchArea"]
transform = Transform3D(1, 0, 0, 0, 1, 0, 0, 0, 1, 1.4210855e-14, 1.3604743, 1.4440575)
shape = SubResource("BoxShape3D_msovg")

[node name="CollisionShape3D" type="CollisionShape3D" parent="."]
transform = Transform3D(1, 0, 0, 0, 1, 0, 0, 0, 1, 0, 1, 0)
shape = SubResource("CapsuleShape3D_lw7nh")

[node name="AttackTimer" type="Timer" parent="."]

[node name="SoundBank" type="Node3D" parent="."]

[node name="SfxHurtVoice" type="AudioStreamPlayer3D" parent="SoundBank"]
volume_db = -5.0
max_distance = 15.0
bus = &"SFX"
script = ExtResource("18_4teby")
streams = Array[AudioStream]([ExtResource("19_8edke")])
min_pitch = 1.0
max_pitch = 1.2

[node name="SfxFleshHit" type="AudioStreamPlayer3D" parent="SoundBank"]
volume_db = 80.0
max_db = 6.0
max_distance = 15.0
bus = &"SFX"
script = ExtResource("18_4teby")
streams = Array[AudioStream]([ExtResource("20_ku6gj"), ExtResource("21_8edke"), ExtResource("22_y4tt3"), ExtResource("23_21xsh")])

[node name="SfxDeathImpact" type="AudioStreamPlayer3D" parent="SoundBank"]
volume_db = 10.0
max_db = 6.0
max_distance = 15.0
bus = &"SFX"
script = ExtResource("18_4teby")
streams = Array[AudioStream]([ExtResource("24_y4tt3")])

[node name="GrassCollision" type="MeshInstance3D" parent="."]
transform = Transform3D(1, 0, 0, 0, 1, 0, 0, 0, 1, 0, 0.5, 0)
layers = 65536
material_override = SubResource("ShaderMaterial_rag6w")
mesh = SubResource("SphereMesh_wy1il")

[node name="DebugLabel" type="Label3D" parent="."]
transform = Transform3D(1, 0, 0, 0, 1, 0, 0, 0, 1, 0, 2.680199, 0)
billboard = 1
no_depth_test = true
text = "Debug"
font_size = 22
outline_size = 2

[connection signal="screen_entered" from="VisibleOnScreenNotifier3D" to="." method="_on_visible_on_screen_notifier_3d_screen_entered"]
[connection signal="screen_exited" from="VisibleOnScreenNotifier3D" to="." method="_on_visible_on_screen_notifier_3d_screen_exited"]

[editable path="Monstr"]
