[gd_scene load_steps=63 format=3 uid="uid://d8g64g8viihh"]

[ext_resource type="Script" uid="uid://ba6qmt80akqib" path="res://entities/enemies/enemy.gd" id="1_ksmh7"]
[ext_resource type="PackedScene" uid="uid://dkh8rsc2pvxl0" path="res://entities/enemies/components/AlertIndicator/alert_indicator.tscn" id="2_lmmiu"]
[ext_resource type="PackedScene" uid="uid://b72gnkqh5atrs" path="res://ui/HealthBar3D/health_bar_3d.tscn" id="2_twyc1"]
[ext_resource type="PackedScene" uid="uid://jwhg4beayert" path="res://ui/health_component/HealthComponent.tscn" id="2_wqcwe"]
[ext_resource type="Script" uid="uid://nqcrxsuj1cdf" path="res://ui/HealthBar3D/enemy_health_bar.gd" id="3_2ggct"]
[ext_resource type="PackedScene" uid="uid://duk5b06ohkpsc" path="res://entities/enemies/monstr.tscn" id="3_5lf1o"]
[ext_resource type="PackedScene" uid="uid://bh7ppnkyaubf7" path="res://vfx/hit_flash/HitFlash.tscn" id="4_msovg"]
[ext_resource type="Script" uid="uid://br8c8ywc11oph" path="res://common/components/combat_component.gd" id="5_2k7wq"]
[ext_resource type="Script" uid="uid://jti4ucm7ho77" path="res://common/components/animation_controller.gd" id="5_ftsks"]
[ext_resource type="Script" uid="uid://cks4om3mks65h" path="res://common/components/movement_component.gd" id="6_2k7wq"]
[ext_resource type="Script" uid="uid://bms48mt88e42c" path="res://entities/enemies/components/vision_component.gd" id="7_56i32"]
[ext_resource type="Script" uid="uid://c55cu0n3gbdfm" path="res://entities/enemies/components/enemy_attack_component.gd" id="8_sb13e"]
[ext_resource type="Script" uid="uid://cbx8244k71rsk" path="res://common/fsm/state_machine.gd" id="9_3udgd"]
[ext_resource type="Script" uid="uid://cxbbb82wp8q2v" path="res://entities/enemies/states/enemy_idle.gd" id="10_xmuku"]
[ext_resource type="Script" uid="uid://cvvgodl7fxgrn" path="res://entities/enemies/states/enemy_patrol.gd" id="11_2ggct"]
[ext_resource type="Script" uid="uid://cbsjg06awuo6g" path="res://entities/enemies/states/enemy_chase.gd" id="12_wy1il"]
[ext_resource type="Script" uid="uid://dirsi2ohsa4hb" path="res://entities/enemies/states/enemy_attack.gd" id="13_53k0f"]
[ext_resource type="Script" uid="uid://c6ccg8dnavfcp" path="res://entities/enemies/states/enemy_frustrated.gd" id="14_u01qb"]
[ext_resource type="Script" uid="uid://bn3bsn15qof6y" path="res://entities/enemies/states/enemy_dead.gd" id="15_4teby"]
[ext_resource type="Script" uid="uid://n1t4ruinfklm" path="res://entities/enemies/states/enemy_combat_stance.gd" id="17_53k0f"]
[ext_resource type="Script" uid="uid://c2im05hged14y" path="res://entities/enemies/states/enemy_flee.gd" id="17_wy1il"]
[ext_resource type="Script" uid="uid://ilu7xai8rnii" path="res://common/utils/random_audio_player_3d.gd" id="18_4teby"]
[ext_resource type="AudioStream" uid="uid://cy6x7q0s5irk7" path="res://assets/audio/mixkit-fantasy-monster-grunt-1977.mp3" id="19_8edke"]
[ext_resource type="AudioStream" uid="uid://bdgv843qcydoo" path="res://assets/audio/mixkit-soft-quick-punch-2151.mp3" id="20_ku6gj"]
[ext_resource type="AudioStream" uid="uid://b0r7fs2xvvu45" path="res://assets/audio/mixkit-strong-punches-to-the-body-2198-3.mp3" id="21_8edke"]
[ext_resource type="AudioStream" uid="uid://dctdgj0rwbvj5" path="res://assets/audio/mixkit-strong-punches-to-the-body-2198-2.mp3" id="22_y4tt3"]
[ext_resource type="AudioStream" uid="uid://brbtr34dd38x8" path="res://assets/audio/mixkit-strong-punches-to-the-body-2198-1.mp3" id="23_21xsh"]
[ext_resource type="AudioStream" uid="uid://q382v6423pvu" path="res://assets/audio/mixkit-impact-of-a-strong-punch-2155.mp3" id="24_y4tt3"]
[ext_resource type="Shader" uid="uid://bxxg6h5x5fm3t" path="res://assets/shaders/GrassCollisionSphere.gdshader" id="25_21xsh"]

[sub_resource type="AnimationNodeAnimation" id="AnimationNodeAnimation_2k7wq"]
animation = &"Monstr_attack_1"

[sub_resource type="AnimationNodeAnimation" id="AnimationNodeAnimation_llg7d"]
animation = &"Monstr_attack_2"

[sub_resource type="AnimationNodeTimeScale" id="AnimationNodeTimeScale_lmmiu"]

[sub_resource type="AnimationNodeAnimation" id="AnimationNodeAnimation_nkaw1"]
animation = &"Monstr_hit"

[sub_resource type="AnimationNodeTimeSeek" id="AnimationNodeTimeSeek_6fcqh"]

[sub_resource type="AnimationNodeAnimation" id="AnimationNodeAnimation_dec5i"]
animation = &"Monstr_angry"

[sub_resource type="AnimationNodeTransition" id="AnimationNodeTransition_0j0it"]
xfade_time = 0.2
input_0/name = "Attack1"
input_0/auto_advance = false
input_0/break_loop_at_end = false
input_0/reset = true
input_1/name = "Attack2"
input_1/auto_advance = false
input_1/break_loop_at_end = false
input_1/reset = true

[sub_resource type="AnimationNodeOneShot" id="AnimationNodeOneShot_712qu"]
filters = ["..", "root/Skeleton3D:arm_stretch.l", "root/Skeleton3D:arm_stretch.r", "root/Skeleton3D:arm_twist.l", "root/Skeleton3D:arm_twist.r", "root/Skeleton3D:forearm_stretch.l", "root/Skeleton3D:forearm_stretch.r", "root/Skeleton3D:forearm_twist.l", "root/Skeleton3D:forearm_twist.r", "root/Skeleton3D:hand.l", "root/Skeleton3D:hand.r", "root/Skeleton3D:head.x", "root/Skeleton3D:neck.x", "root/Skeleton3D:root.x", "root/Skeleton3D:shoulder.l", "root/Skeleton3D:shoulder.r", "root/Skeleton3D:spine_01.x"]
fadein_time = 0.2
fadeout_time = 0.1

[sub_resource type="AnimationNodeAnimation" id="AnimationNodeAnimation_pbvo2"]
animation = &"Monstr_walk"
play_mode = 1

[sub_resource type="AnimationNodeAnimation" id="AnimationNodeAnimation_5ltra"]
animation = &"Monstr_attack_idle"

[sub_resource type="AnimationNodeAnimation" id="AnimationNodeAnimation_t287r"]
animation = &"Monstr_walk"

[sub_resource type="AnimationNodeAnimation" id="AnimationNodeAnimation_tqj2o"]
animation = &"Monstr_run"

[sub_resource type="AnimationNodeBlendSpace1D" id="AnimationNodeBlendSpace1D_21xsh"]
blend_point_0/node = SubResource("AnimationNodeAnimation_pbvo2")
blend_point_0/pos = -1.0
blend_point_1/node = SubResource("AnimationNodeAnimation_5ltra")
blend_point_1/pos = 0.0
blend_point_2/node = SubResource("AnimationNodeAnimation_t287r")
blend_point_2/pos = 1.0
blend_point_3/node = SubResource("AnimationNodeAnimation_tqj2o")
blend_point_3/pos = 2.0
max_space = 2.0

[sub_resource type="AnimationNodeAnimation" id="AnimationNodeAnimation_6ak4d"]
animation = &"Monstr_death"
use_custom_timeline = true
timeline_length = 1.0
stretch_time_scale = true
start_offset = 0.0
loop_mode = 0

[sub_resource type="AnimationNodeOneShot" id="AnimationNodeOneShot_nkaw1"]
filter_enabled = true
filters = ["root/Skeleton3D:c_traj", "root/Skeleton3D:head.x", "root/Skeleton3D:neck.x", "root/Skeleton3D:root.x", "root/Skeleton3D:shoulder.l", "root/Skeleton3D:shoulder.r", "root/Skeleton3D:spine_01.x"]
fadein_time = 0.01
fadeout_time = 0.01

[sub_resource type="AnimationNodeAnimation" id="AnimationNodeAnimation_6fcqh"]
animation = &"Monstr_knockdown"
use_custom_timeline = true
timeline_length = 0.3
stretch_time_scale = true
start_offset = 0.0
loop_mode = 0

[sub_resource type="AnimationNodeOneShot" id="AnimationNodeOneShot_dec5i"]
filters = ["root/Skeleton3D:arm_stretch.l", "root/Skeleton3D:arm_stretch.r", "root/Skeleton3D:arm_twist.l", "root/Skeleton3D:arm_twist.r", "root/Skeleton3D:forearm_stretch.l", "root/Skeleton3D:forearm_stretch.r", "root/Skeleton3D:forearm_twist.l", "root/Skeleton3D:forearm_twist.r", "root/Skeleton3D:hand.l", "root/Skeleton3D:hand.r", "root/Skeleton3D:head.x", "root/Skeleton3D:neck.x", "root/Skeleton3D:root.x", "root/Skeleton3D:shoulder.l", "root/Skeleton3D:shoulder.r", "root/Skeleton3D:spine_01.x"]
fadein_time = 0.1
fadeout_time = 0.1

[sub_resource type="AnimationNodeAnimation" id="AnimationNodeAnimation_21xsh"]
animation = &"Monstr_idle"
advance_on_start = true

[sub_resource type="AnimationNodeAnimation" id="AnimationNodeAnimation_rag6w"]
animation = &"Monstr_walk"

[sub_resource type="AnimationNodeAnimation" id="AnimationNodeAnimation_ftsks"]
animation = &"Monstr_run"

[sub_resource type="AnimationNodeAnimation" id="AnimationNodeAnimation_712qu"]
animation = &"Monstr_walk"
play_mode = 1

[sub_resource type="AnimationNodeBlendSpace1D" id="AnimationNodeBlendSpace1D_2k7wq"]
blend_point_0/node = SubResource("AnimationNodeAnimation_21xsh")
blend_point_0/pos = 0.0
blend_point_1/node = SubResource("AnimationNodeAnimation_rag6w")
blend_point_1/pos = 1.0
blend_point_2/node = SubResource("AnimationNodeAnimation_ftsks")
blend_point_2/pos = 2.0
blend_point_3/node = SubResource("AnimationNodeAnimation_712qu")
blend_point_3/pos = -1.0
max_space = 2.0

[sub_resource type="AnimationNodeTransition" id="AnimationNodeTransition_pbvo2"]
xfade_time = 0.2
input_0/name = "normal"
input_0/auto_advance = false
input_0/break_loop_at_end = false
input_0/reset = true
input_1/name = "strafe"
input_1/auto_advance = false
input_1/break_loop_at_end = false
input_1/reset = true
input_2/name = "chase"
input_2/auto_advance = false
input_2/break_loop_at_end = false
input_2/reset = true

[sub_resource type="AnimationNodeTransition" id="AnimationNodeTransition_5ltra"]
xfade_time = 0.2
input_0/name = "alive"
input_0/auto_advance = false
input_0/break_loop_at_end = false
input_0/reset = true
input_1/name = "dead"
input_1/auto_advance = false
input_1/break_loop_at_end = false
input_1/reset = true
input_2/name = "angry"
input_2/auto_advance = false
input_2/break_loop_at_end = false
input_2/reset = true

[sub_resource type="AnimationNodeAnimation" id="AnimationNodeAnimation_lmmiu"]
animation = &"Monstr_walk_strafe_l"

[sub_resource type="AnimationNodeAnimation" id="AnimationNodeAnimation_vkm0h"]
animation = &"Monstr_walk_strafe_r"

[sub_resource type="AnimationNodeAnimation" id="AnimationNodeAnimation_0j0it"]
animation = &"Monstr_attack_idle"

[sub_resource type="AnimationNodeBlendSpace1D" id="AnimationNodeBlendSpace1D_llg7d"]
blend_point_0/node = SubResource("AnimationNodeAnimation_lmmiu")
blend_point_0/pos = -1.0
blend_point_1/node = SubResource("AnimationNodeAnimation_vkm0h")
blend_point_1/pos = 1.0
blend_point_2/node = SubResource("AnimationNodeAnimation_0j0it")
blend_point_2/pos = 0.0

[sub_resource type="AnimationNodeBlendTree" id="AnimationNodeBlendTree_21xsh"]
graph_offset = Vector2(30.584522, -345.70563)
nodes/output/position = Vector2(1376, 192)
nodes/locomotion_blend/node = SubResource("AnimationNodeBlendSpace1D_2k7wq")
nodes/locomotion_blend/position = Vector2(144, -624)
nodes/strafe_blend/node = SubResource("AnimationNodeBlendSpace1D_llg7d")
nodes/strafe_blend/position = Vector2(144, -464)
nodes/move_mode/node = SubResource("AnimationNodeTransition_pbvo2")
nodes/move_mode/position = Vector2(336, -416)
nodes/state/node = SubResource("AnimationNodeTransition_5ltra")
nodes/state/position = Vector2(1216, 144)
nodes/dead/node = SubResource("AnimationNodeAnimation_6ak4d")
nodes/dead/position = Vector2(1024, 208)
nodes/angry/node = SubResource("AnimationNodeAnimation_dec5i")
nodes/angry/position = Vector2(864, 400)
nodes/TimeSeek/node = SubResource("AnimationNodeTimeSeek_6fcqh")
nodes/TimeSeek/position = Vector2(1056, 384)
nodes/attack_oneshot/node = SubResource("AnimationNodeOneShot_712qu")
nodes/attack_oneshot/position = Vector2(656, -208)
nodes/hit_oneshot/node = SubResource("AnimationNodeOneShot_nkaw1")
nodes/hit_oneshot/position = Vector2(832, -144)
nodes/attack_idx/node = SubResource("AnimationNodeTransition_0j0it")
nodes/attack_idx/position = Vector2(336, -160)
nodes/Attack1/node = SubResource("AnimationNodeAnimation_2k7wq")
nodes/Attack1/position = Vector2(144, -128)
nodes/Attack2/node = SubResource("AnimationNodeAnimation_llg7d")
nodes/Attack2/position = Vector2(144, 32)
nodes/Hit/node = SubResource("AnimationNodeAnimation_nkaw1")
nodes/Hit/position = Vector2(624, 96)
nodes/knockdown_oneshot/node = SubResource("AnimationNodeOneShot_dec5i")
nodes/knockdown_oneshot/position = Vector2(1008, -64)
nodes/knockdown/node = SubResource("AnimationNodeAnimation_6fcqh")
nodes/knockdown/position = Vector2(784, 128)
nodes/chase_blend/node = SubResource("AnimationNodeBlendSpace1D_21xsh")
nodes/chase_blend/position = Vector2(144, -304)
nodes/AttackSpeed/node = SubResource("AnimationNodeTimeScale_lmmiu")
nodes/AttackSpeed/position = Vector2(496, -96)
node_connections = [&"output", 0, &"state", &"move_mode", 0, &"locomotion_blend", &"move_mode", 1, &"strafe_blend", &"move_mode", 2, &"chase_blend", &"state", 0, &"knockdown_oneshot", &"state", 1, &"dead", &"state", 2, &"TimeSeek", &"TimeSeek", 0, &"angry", &"attack_oneshot", 0, &"move_mode", &"attack_oneshot", 1, &"AttackSpeed", &"hit_oneshot", 0, &"attack_oneshot", &"hit_oneshot", 1, &"Hit", &"attack_idx", 0, &"Attack1", &"attack_idx", 1, &"Attack2", &"knockdown_oneshot", 0, &"hit_oneshot", &"knockdown_oneshot", 1, &"knockdown", &"AttackSpeed", 0, &"attack_idx"]

[sub_resource type="BoxShape3D" id="BoxShape3D_msovg"]
size = Vector3(2.2810059, 1.4276657, 2.4621277)

[sub_resource type="CapsuleShape3D" id="CapsuleShape3D_lw7nh"]

[sub_resource type="ShaderMaterial" id="ShaderMaterial_rag6w"]
render_priority = 0
shader = ExtResource("25_21xsh")

[sub_resource type="SphereMesh" id="SphereMesh_wy1il"]

[node name="Enemy" type="CharacterBody3D" groups=["enemies", "level_detail_objects"]]
collision_layer = 4
collision_mask = 75
collision_priority = 0.6
script = ExtResource("1_ksmh7")
show_debug_label = false
help_radius = 8.0
retreat_speed = 1.5
attack_rotation_speed = 5.0

[node name="VisibleOnScreenNotifier3D" type="VisibleOnScreenNotifier3D" parent="."]
aabb = AABB(-1.0936372, -0.47408557, -0.99435246, 2.1872745, 2.4518332, 1.9887049)

[node name="AlertIndicator" parent="." instance=ExtResource("2_lmmiu")]
transform = Transform3D(1, 0, 0, 0, 1, 0, 0, 0, 1, 0, 2.6, 0)
aggro_color = Color(1, 1, 0, 0.78431374)
attack_color = Color(1, 0, 0, 0.78431374)

[node name="HealthBar3D" parent="." instance=ExtResource("2_twyc1")]
transform = Transform3D(1, 0, 0, 0, 1, 0, 0, 0, 1, 0, 2.175171, 0)
script = ExtResource("3_2ggct")
fade_delay = 5.0

[node name="Components" type="Node" parent="."]

[node name="HealthComponent" parent="Components" instance=ExtResource("2_wqcwe")]
max_health = 8.0

[node name="AnimationController" type="Node" parent="Components" node_paths=PackedStringArray("anim_tree")]
script = ExtResource("5_ftsks")
anim_tree = NodePath("../../Monstr/AnimationTree")

[node name="CombatComponent" type="Node" parent="Components" node_paths=PackedStringArray("punch_hand_r", "punch_hand_l", "attack_area")]
script = ExtResource("5_2k7wq")
faction = 1
self_recoil_strength = 2.5
attack_cooldown = 1.5
combo_window_time = 0.5
combo_cooldown_after_combo = 0.01
attack_roll_cancel_threshold = 0.5
kb_strength_normal = 5.0
kb_height_normal = 8.0
hs_prop_time_scale = 0.5
hs_prop_duration = 0.01
hs_normal_time_scale = 0.4
hs_normal_duration = 0.01
hs_finisher_time_scale = 0.3
hs_finisher_duration = 0.01
punch_hand_r = NodePath("../../Monstr/HitboxesContainer/punch_hand_r")
punch_hand_l = NodePath("../../Monstr/HitboxesContainer/punch_hand_l")
attack_area = NodePath("../../Monstr/PunchArea")

[node name="MovementComponent" type="Node" parent="Components"]
script = ExtResource("6_2k7wq")
rotation_speed = 5.0
push_force = 80.0
roll_push_multiplier = 1.5
jump_height = 1.45
jump_time_to_peak = 0.3
jump_time_to_descent = 0.25
second_jump_multiplier = 1.4

[node name="EnemyAttackComponent" type="Node" parent="Components"]
script = ExtResource("8_sb13e")
tactical_retreat_distance = 3.0
retreat_interrupt_range = 0.8

[node name="VisionComponent" type="Node3D" parent="Components"]
script = ExtResource("7_56i32")
sight_range = 6.0
lost_sight_range = 8.0
proximity_detection_range = 2.5
scan_interval = 0.5

[node name="StateMachine" type="Node" parent="." node_paths=PackedStringArray("initial_state")]
script = ExtResource("9_3udgd")
initial_state = NodePath("Idle")

[node name="Idle" type="Node" parent="StateMachine"]
script = ExtResource("10_xmuku")

[node name="Patrol" type="Node" parent="StateMachine"]
script = ExtResource("11_2ggct")

[node name="Chase" type="Node" parent="StateMachine"]
script = ExtResource("12_wy1il")

[node name="Attack" type="Node" parent="StateMachine"]
script = ExtResource("13_53k0f")
warning_lead_time = 0.6

[node name="Frustrated" type="Node" parent="StateMachine"]
script = ExtResource("14_u01qb")

[node name="Dead" type="Node" parent="StateMachine"]
script = ExtResource("15_4teby")

[node name="Flee" type="Node" parent="StateMachine"]
script = ExtResource("17_wy1il")
flee_speed = 1.0

[node name="CombatStance" type="Node" parent="StateMachine"]
script = ExtResource("17_53k0f")

[node name="HitFlash" parent="." instance=ExtResource("4_msovg")]
mesh_path = NodePath("../Monstr/root/Skeleton3D/Monstr")
flash_time = 0.2

[node name="NavigationAgent3D" type="NavigationAgent3D" parent="."]
path_desired_distance = 0.75
avoidance_enabled = true
neighbor_distance = 10.0
max_neighbors = 5
time_horizon_agents = 0.5
time_horizon_obstacles = 1.0
max_speed = 20.0

[node name="Monstr" parent="." instance=ExtResource("3_5lf1o")]

[node name="punch_hand_r" parent="Monstr/HitboxesContainer" index="0"]
transform = Transform3D(-0.1643394, -0.10347472, -0.98096144, -0.22019978, -0.9654009, 0.13875239, -0.96151084, 0.23877628, 0.1358874, -0.71203077, 0.3667988, 0.16308929)

[node name="punch_hand_l" parent="Monstr/HitboxesContainer" index="1"]
transform = Transform3D(-0.16229981, 0.094571605, 0.9821984, 0.22168764, -0.96624476, 0.12970863, 0.9615074, 0.23874356, 0.13588674, 0.7293767, 0.37220064, 0.17574665)

[node name="Skeleton3D" parent="Monstr/root" index="0"]
bones/1/position = Vector3(1.171853e-10, 0.41039705, -0.0049660807)
bones/1/rotation = Quaternion(0.042217515, -2.1071057e-06, -8.685672e-08, 0.9991085)
bones/2/position = Vector3(-0.022507127, 0.26598257, -0.020193273)
bones/2/rotation = Quaternion(-0.045596275, -0.012457482, 0.005770743, 0.9988656)
bones/2/scale = Vector3(0.99999994, 0.9999999, 0.9999999)
bones/3/rotation = Quaternion(0.23842315, 3.128357e-06, 4.6795194e-06, 0.9711614)
bones/4/position = Vector3(-7.912331e-09, 0.06338386, -2.648917e-07)
bones/4/rotation = Quaternion(-0.24825437, -4.0789196e-06, -4.826205e-06, 0.968695)
bones/4/scale = Vector3(1, 1.0000001, 1)
bones/5/position = Vector3(-0.12985575, 0.47531104, -0.03137876)
bones/5/rotation = Quaternion(-0.5774063, 0.43477127, 0.5075222, 0.4690387)
bones/6/rotation = Quaternion(-0.5682145, 0.1415056, -0.046372868, 0.80929476)
bones/6/scale = Vector3(0.99999994, 0.99999946, 0.9999999)
bones/7/rotation = Quaternion(9.3902e-08, -0.13018328, 2.9462814e-08, 0.99148995)
bones/7/scale = Vector3(0.99999994, 1.0000005, 0.99999994)
bones/8/rotation = Quaternion(-5.8842875e-08, -3.4876056e-08, 0.39917204, 0.9168761)
bones/8/scale = Vector3(1, 0.99999964, 1)
bones/9/rotation = Quaternion(7.1383134e-08, -0.29102278, -5.5737708e-08, 0.9567161)
bones/10/rotation = Quaternion(-0.16367006, -0.22228605, -0.3228069, 0.90531594)
bones/10/scale = Vector3(0.9999991, 0.9999994, 0.9999994)
bones/11/position = Vector3(0.12819621, 0.47652745, -0.023932528)
bones/11/rotation = Quaternion(0.31418458, 0.56464267, 0.674967, -0.35621116)
bones/12/rotation = Quaternion(-0.42605647, -0.33768624, 0.33541682, 0.769376)
bones/12/scale = Vector3(1.0000001, 0.99999946, 1.0000002)
bones/13/rotation = Quaternion(4.493043e-08, 0.48613098, -3.9382133e-08, 0.8738859)
bones/13/scale = Vector3(0.9999998, 1.0000007, 1.0000001)
bones/14/rotation = Quaternion(-1.9673326e-08, -6.355811e-08, -0.0017998964, 0.99999845)
bones/14/scale = Vector3(1, 1.0000004, 0.99999994)
bones/15/rotation = Quaternion(7.586439e-09, 0.18541756, 2.8368538e-08, 0.98265994)
bones/16/rotation = Quaternion(-0.21473013, 0.22443569, -0.13951872, 0.9402416)
bones/16/scale = Vector3(0.99999887, 0.9999992, 0.9999993)
bones/17/rotation = Quaternion(0.7264453, 0.4378175, 0.5004404, 0.17364515)
bones/17/scale = Vector3(0.99999994, 1.0000001, 0.9999997)
bones/18/rotation = Quaternion(-2.3133353e-08, 0.14839895, 8.04258e-08, 0.9889276)
bones/19/rotation = Quaternion(3.62101e-08, 7.370237e-09, 0.42200845, 0.90659195)
bones/19/scale = Vector3(0.99999964, 0.9999998, 0.99999976)
bones/20/rotation = Quaternion(0.13262787, 0.6927244, -0.32138422, 0.6318662)
bones/20/scale = Vector3(1.0000004, 1.0000002, 1.0000001)
bones/21/rotation = Quaternion(-4.918134e-07, 0.91525155, 0.4028828, -5.757998e-07)
bones/22/rotation = Quaternion(-5.474761e-08, 0.09111142, 2.575701e-08, 0.9958408)
bones/23/rotation = Quaternion(0.71573293, -0.26250762, -0.6357791, -0.120835595)
bones/23/scale = Vector3(0.99999994, 0.9999999, 0.9999997)
bones/24/rotation = Quaternion(-9.188153e-08, -0.025554935, -8.5962855e-09, 0.9996734)
bones/25/rotation = Quaternion(-3.6824073e-08, -1.2959868e-08, -0.3814674, 0.9243823)
bones/25/scale = Vector3(0.99999994, 1.0000001, 0.9999997)
bones/26/rotation = Quaternion(0.20326586, -0.48961064, 0.5799505, 0.6185643)
bones/26/scale = Vector3(1.0000002, 1, 1)
bones/27/rotation = Quaternion(3.8668566e-07, 0.91525155, 0.40288314, 4.4961544e-07)
bones/28/rotation = Quaternion(-1.195432e-07, -0.021571508, 5.294729e-08, 0.9997673)

[node name="Monstr" parent="Monstr/root/Skeleton3D" index="0"]
layers = 2

[node name="hand_r" parent="Monstr/root/Skeleton3D" index="1"]
transform = Transform3D(-0.15812358, -0.072249204, -0.9847718, -0.22534513, -0.9683588, 0.10722866, -0.9613602, 0.23886877, 0.13683933, -0.69827056, 0.5512271, 0.11759566)

[node name="RemoteTransform3D" parent="Monstr/root/Skeleton3D/hand_r" index="0"]
transform = Transform3D(1, 0, 0, 0, 1, 0, 0, 0, 1, 0, 0.19045451, 4.656613e-10)

[node name="hand_l" parent="Monstr/root/Skeleton3D" index="2"]
transform = Transform3D(-0.15926257, 0.08130765, 0.9838816, 0.2234462, -0.96777046, 0.11614603, 0.9616155, 0.23834273, 0.13596201, 0.71389127, 0.5565169, 0.1303532)

[node name="RemoteTransform3D" parent="Monstr/root/Skeleton3D/hand_l" index="0"]
transform = Transform3D(1, 0, 0, 0, 1, 0, 0, 0, 1, 0, 0.19045451, 4.656613e-10)

[node name="Physical Bone root_x" parent="Monstr/root/Skeleton3D/PhysicalBoneSimulator3D" index="0"]
transform = Transform3D(1, -4.043678e-06, -1.0398892e-08, -3.5148588e-07, -0.084359854, -0.99643534, 4.0283862e-06, 0.9964354, -0.08435985, -3.8152093e-06, 0.55206144, 0.0071854726)
joint_offset = Transform3D(1, 0, 0, 0, 1, 0, 0, 0, 1, 3.8153003e-06, -0.00015741213, 0.14218448)
body_offset = Transform3D(1, -1.1277734e-10, -3.9790393e-12, -3.9790393e-12, -7.450581e-09, -1.0000001, 1.12322596e-10, 1.0000001, 0, -3.8153e-06, 0.1421845, 0.00015741214)

[node name="Physical Bone spine_01_x" parent="Monstr/root/Skeleton3D/PhysicalBoneSimulator3D" index="1"]
transform = Transform3D(0.99962294, -0.025414817, 0.010395075, 0.010562334, 0.006455816, -0.99992335, 0.025345761, 0.99965614, 0.0067218216, -0.025055176, 0.9249526, -0.0043598334)
joint_offset = Transform3D(1, 0, 0, 0, 1, 0, 0, 0, 1, -2.7004004e-05, 4.5447054e-05, 0.24783665)
body_offset = Transform3D(1.0000001, 2.6263297e-07, -1.5470141e-06, -1.5479454e-06, -0.00018246146, -1.0000002, -2.5890768e-07, 1.0000004, -0.0001824554, 2.7387403e-05, 0.24783671, -2.279412e-07)

[node name="Physical Bone neck_x" parent="Monstr/root/Skeleton3D/PhysicalBoneSimulator3D" index="2"]
transform = Transform3D(0.9996271, -0.017688807, 0.020806033, 0.010398779, -0.45792714, -0.88892895, 0.02525174, 0.88881373, -0.45757243, -0.02822806, 1.1915675, 0.008712876)
joint_offset = Transform3D(1, 0, 0, 0, 1, 0, 0, 0, 1, 2.5868228e-06, 1.3163185e-05, 0.03218781)
body_offset = Transform3D(1.0000001, -5.5879354e-08, -0.00019757822, -0.00019757822, -0.0008458495, -0.99999994, -1.0803342e-07, 1, -0.0008459687, 3.7727877e-06, 0.03218782, 1.4066696e-05)

[node name="Physical Bone shoulder_r" parent="Monstr/root/Skeleton3D/PhysicalBoneSimulator3D" index="3"]
transform = Transform3D(0.13401106, -0.18758093, 0.97306454, -0.031109799, 0.9806413, 0.193326, -0.99049145, -0.05617966, 0.12558118, -0.3490731, 1.1123708, -0.06546654)
joint_offset = Transform3D(1, 0, 0, 0, 1, 0, 0, 0, 1, -2.3471759e-05, 0.00018466287, 0.19798812)
body_offset = Transform3D(0.99999887, 8.903444e-07, -0.0017753467, -0.001775302, 0.00033832528, -0.9999984, -2.4586916e-07, 1.0000002, 0.00033834297, 0.0003749691, 0.19798768, -0.0002516508)

[node name="Physical Bone arm_stretch_r" parent="Monstr/root/Skeleton3D/PhysicalBoneSimulator3D" index="4"]
transform = Transform3D(0.38832507, -0.17670882, -0.90442115, -0.15785092, -0.9796919, 0.123640105, -0.9079024, 0.094751164, -0.40833256, -0.5327183, 1.0762253, -0.0884568)
joint_offset = Transform3D(1, 0, 0, 0, 1, 0, 0, 0, 1, -1.7705317e-05, 6.794693e-06, 7.8696125e-05)
body_offset = Transform3D(1.0000002, -0.00045793504, -0.0006830096, 0.00045850128, 1.0000002, 0.00086354464, 0.0006828904, -0.0008640066, 0.99999964, 1.7762184e-05, -6.854534e-06, -7.867813e-05)

[node name="Physical Bone forearm_stretch_r" parent="Monstr/root/Skeleton3D/PhysicalBoneSimulator3D" index="5"]
transform = Transform3D(0.13505276, -0.904197, 0.40520206, -0.82446146, 0.12427386, 0.5521045, -0.54956716, -0.4086367, -0.728692, -0.62848574, 0.64624935, -0.007770218)
joint_offset = Transform3D(1, 0, 0, 0, 1, 0, 0, 0, 1, -1.6969892e-05, -3.6870657e-05, 0.058422334)
body_offset = Transform3D(1.0000005, -0.00015820563, 0.00016283989, 0.00016310811, 0.00042578578, -1.0000008, 0.00015820563, 1.0000001, 0.0004260838, 7.4505806e-06, 0.0584224, 1.1980534e-05)

[node name="Physical Bone shoulder_l" parent="Monstr/root/Skeleton3D/PhysicalBoneSimulator3D" index="6"]
transform = Transform3D(-0.58231336, 0.004983387, -0.8129491, -0.12678613, 0.9871889, 0.09686804, 0.8030171, 0.15947822, -0.57422143, 0.2639158, 1.1358576, 0.08260001)
joint_offset = Transform3D(1, 0, 0, 0, 1, 0, 0, 0, 1, 0.00458987, 0.000492503, 0.19675088)
body_offset = Transform3D(0.9998515, 0.0020940304, -0.017129362, -0.017126232, -0.0015113056, -0.9998523, -0.002119571, 0.9999968, -0.001475215, -0.0012200028, 0.19680116, -0.000192523)

[node name="Physical Bone arm_stretch_l" parent="Monstr/root/Skeleton3D/PhysicalBoneSimulator3D" index="7"]
transform = Transform3D(0.35216135, 0.46249887, 0.8136813, 0.08414672, -0.8814989, 0.4646279, 0.932149, -0.09515538, -0.3493476, 0.41942257, 1.1176358, 0.1899596)
joint_offset = Transform3D(1, 0, 0, 0, 1, 0, 0, 0, 1, 0, 0, 0)
body_offset = Transform3D(1, -0.00014490634, 0.00030204654, 0.00014486164, 1.0000005, -0.00044729933, -0.00030216575, 0.00044734403, 0.9999999, 0, 0, 0)

[node name="Physical Bone forearm_stretch_l" parent="Monstr/root/Skeleton3D/PhysicalBoneSimulator3D" index="8"]
transform = Transform3D(0.35065332, 0.8144112, -0.46235988, 0.08721438, 0.463164, 0.881971, 0.9324355, -0.34959045, 0.091381624, 0.63411, 0.7081544, 0.14613418)
joint_offset = Transform3D(1, 0, 0, 0, 1, 0, 0, 0, 1, -3.695226e-05, -1.89626e-05, 0.058444962)
body_offset = Transform3D(1.0000001, 0.00020495057, 0.00031617284, 0.0003157556, 0.0012044273, -0.99999964, -0.00020563602, 0.9999992, 0.001204446, 1.847744e-05, 0.058444977, -5.143881e-05)

[node name="Physical Bone thigh_stretch_l" parent="Monstr/root/Skeleton3D/PhysicalBoneSimulator3D" index="9"]
transform = Transform3D(0.11644613, 0.46195257, 0.879227, 0.7581058, -0.6132528, 0.22180301, 0.64165086, 0.64071906, -0.4216198, 0.20555948, 0.38812903, -0.0153580895)
joint_offset = Transform3D(0.999999, 0, 0, 0, 1, 0, 0, 0, 0.999999, 1.6636608e-05, 1.8783294e-05, -2.0504858e-05)
body_offset = Transform3D(0.9999999, -0.0007844269, -0.00038152933, 0.0007844269, 0.99999964, 0.0002913475, 0.00038132071, -0.00029167533, 1.0000002, -1.6629696e-05, -1.8790364e-05, 2.0503998e-05)

[node name="Physical Bone leg_stretch_l" parent="Monstr/root/Skeleton3D/PhysicalBoneSimulator3D" index="10"]
transform = Transform3D(0.42854607, 0.8789694, -0.20919159, 0.020023353, 0.22223355, 0.97478783, 0.9032981, -0.42193022, 0.077637404, 0.30738595, 0.19900094, 0.097265184)
joint_offset = Transform3D(1, 0, 0, 0, 1, 0, 0, 0, 1, 1.7704297e-05, -2.6874808e-05, 0.07771273)
body_offset = Transform3D(1.0000004, -0.00040498376, -0.00034837425, -0.00034846365, 3.0241907e-05, -1.0000002, 0.00040495396, 1.0000005, 3.0115247e-05, 9.357929e-06, 0.07771276, 2.4527311e-05)

[node name="Physical Bone foot_l" parent="Monstr/root/Skeleton3D/PhysicalBoneSimulator3D" index="11"]
transform = Transform3D(-0.9619178, 0.21594822, -0.16757248, 0.00063111825, 0.6148106, 0.78867465, 0.2733382, 0.7585344, -0.5915335, 0.33514172, 0.07100043, 0.13215908)
joint_offset = Transform3D(1, 0, 0, 0, 1, 0, 0, 0, 1, 0.0003703113, -0.00023589502, 0.068839304)
body_offset = Transform3D(0.99999905, -0.0014285743, 0.00031392276, 0.00031262636, -0.0009917915, -0.99999964, 0.0014288872, 0.999999, -0.0009913743, -0.00039225817, 0.06883893, 0.00030361116)

[node name="Physical Bone thigh_stretch_r" parent="Monstr/root/Skeleton3D/PhysicalBoneSimulator3D" index="12"]
transform = Transform3D(0.05318383, -0.531242, -0.84554917, -0.13922729, -0.84242195, 0.52052, -0.9888313, 0.09004027, -0.1187666, -0.2055076, 0.38814604, -0.015333192)
joint_offset = Transform3D(0.999999, 0, 0, 0, 1, 0, 0, 0, 0.999999, -2.6155444e-06, 4.0827268e-05, 2.661712e-05)
body_offset = Transform3D(0.99999994, -0.0003215, -0.00047190487, 0.00032041967, 0.9999976, -0.002132305, 0.0004723966, 0.002132235, 0.9999979, 2.6412308e-06, -4.0769577e-05, -2.670288e-05)

[node name="Physical Bone leg_stretch_r" parent="Monstr/root/Skeleton3D/PhysicalBoneSimulator3D" index="13"]
transform = Transform3D(0.41539747, -0.84452003, 0.33798075, 0.49576002, 0.5217101, 0.6942915, -0.762671, -0.12084962, 0.63539624, -0.32992923, 0.1780772, -0.047931902)
joint_offset = Transform3D(1, 0, 0, 0, 1, 0, 0, 0, 1, 0.00013170055, -0.000110514884, 0.0776546)
body_offset = Transform3D(0.9999906, 0.0037758127, -0.002145201, -0.002138555, -0.0017007589, -0.99999607, -0.0037795901, 0.9999919, -0.0016924962, 3.5302714e-05, 0.07765439, 0.00024244189)

[node name="Physical Bone foot_r" parent="Monstr/root/Skeleton3D/PhysicalBoneSimulator3D" index="14"]
transform = Transform3D(-0.9500928, -0.24533653, 0.19270092, 0.0014570375, 0.61419934, 0.7891496, -0.31196398, 0.75004613, -0.58318895, -0.368238, 0.07065771, -0.055830833)
joint_offset = Transform3D(1, 0, 0, 0, 1, 0, 0, 0, 1, 0.0003105859, 0.00023767419, 0.06886369)
body_offset = Transform3D(0.999999, -0.0012000501, -0.000912264, -0.0009127557, -0.00021755695, -0.99999964, 0.0012004673, 0.9999994, -0.00021877885, -0.00024747849, 0.068864, -0.00022298098)

[node name="AnimationPlayer" parent="Monstr" index="2"]
callback_mode_process = 2
autoplay = "Monstr_idle"
playback_default_blend_time = 0.2
blend_times = [&"Monstr_idle", &"Monstr_angry", 0.2, &"Monstr_idle", &"Monstr_attack_1", 0.2, &"Monstr_idle", &"Monstr_attack_idle", 0.2, &"Monstr_idle", &"Monstr_idle", 0.2, &"Monstr_idle", &"Monstr_knockdown", 0.2, &"Monstr_idle", &"Monstr_walk", 0.2]

[node name="AnimationTree" type="AnimationTree" parent="Monstr"]
tree_root = SubResource("AnimationNodeBlendTree_21xsh")
anim_player = NodePath("../AnimationPlayer")
parameters/locomotion_blend/blend_position = 0.0
parameters/strafe_blend/blend_position = 0.0
parameters/move_mode/current_state = "chase"
parameters/move_mode/transition_request = ""
parameters/move_mode/current_index = 2
parameters/state/current_state = "alive"
parameters/state/transition_request = ""
parameters/state/current_index = 0
parameters/TimeSeek/seek_request = -1.0
parameters/attack_oneshot/active = false
parameters/attack_oneshot/internal_active = false
parameters/attack_oneshot/request = 0
parameters/hit_oneshot/active = false
parameters/hit_oneshot/internal_active = false
parameters/hit_oneshot/request = 0
parameters/attack_idx/current_state = "Attack1"
parameters/attack_idx/transition_request = ""
parameters/attack_idx/current_index = 0
parameters/knockdown_oneshot/active = false
parameters/knockdown_oneshot/internal_active = false
parameters/knockdown_oneshot/request = 0
parameters/chase_blend/blend_position = 0.0
parameters/AttackSpeed/scale = 1.0

[node name="PunchArea" type="Area3D" parent="Monstr"]
collision_layer = 2

[node name="CollisionShape3D" type="CollisionShape3D" parent="Monstr/PunchArea"]
transform = Transform3D(1, 0, 0, 0, 1, 0, 0, 0, 1, 1.4210855e-14, 1.3604743, 1.4440575)
shape = SubResource("BoxShape3D_msovg")

[node name="CollisionShape3D" type="CollisionShape3D" parent="."]
transform = Transform3D(1, 0, 0, 0, 1, 0, 0, 0, 1, 0, 1, 0)
shape = SubResource("CapsuleShape3D_lw7nh")

[node name="AttackTimer" type="Timer" parent="."]

[node name="SoundBank" type="Node3D" parent="."]

[node name="SfxHurtVoice" type="AudioStreamPlayer3D" parent="SoundBank"]
volume_db = -5.0
max_distance = 15.0
bus = &"SFX"
script = ExtResource("18_4teby")
streams = Array[AudioStream]([ExtResource("19_8edke")])
min_pitch = 1.0
max_pitch = 1.2

[node name="SfxFleshHit" type="AudioStreamPlayer3D" parent="SoundBank"]
volume_db = 80.0
max_db = 6.0
max_distance = 15.0
bus = &"SFX"
script = ExtResource("18_4teby")
streams = Array[AudioStream]([ExtResource("20_ku6gj"), ExtResource("21_8edke"), ExtResource("22_y4tt3"), ExtResource("23_21xsh")])

[node name="SfxDeathImpact" type="AudioStreamPlayer3D" parent="SoundBank"]
volume_db = 10.0
max_db = 6.0
max_distance = 15.0
bus = &"SFX"
script = ExtResource("18_4teby")
streams = Array[AudioStream]([ExtResource("24_y4tt3")])

[node name="GrassCollision" type="MeshInstance3D" parent="."]
transform = Transform3D(1, 0, 0, 0, 1, 0, 0, 0, 1, 0, 0.5, 0)
layers = 65536
material_override = SubResource("ShaderMaterial_rag6w")
mesh = SubResource("SphereMesh_wy1il")

[node name="DebugLabel" type="Label3D" parent="."]
transform = Transform3D(1, 0, 0, 0, 1, 0, 0, 0, 1, 0, 2.680199, 0)
billboard = 1
no_depth_test = true
text = "Debug"
font_size = 22
outline_size = 2

[connection signal="screen_entered" from="VisibleOnScreenNotifier3D" to="." method="_on_visible_on_screen_notifier_3d_screen_entered"]
[connection signal="screen_exited" from="VisibleOnScreenNotifier3D" to="." method="_on_visible_on_screen_notifier_3d_screen_exited"]

[editable path="Monstr"]
