[gd_scene load_steps=63 format=3 uid="uid://d8g64g8viihh"]

[ext_resource type="Script" uid="uid://ba6qmt80akqib" path="res://entities/enemies/enemy.gd" id="1_ksmh7"]
[ext_resource type="PackedScene" uid="uid://dkh8rsc2pvxl0" path="res://entities/enemies/components/AlertIndicator/alert_indicator.tscn" id="2_lmmiu"]
[ext_resource type="PackedScene" uid="uid://b72gnkqh5atrs" path="res://ui/HealthBar3D/health_bar_3d.tscn" id="2_twyc1"]
[ext_resource type="PackedScene" uid="uid://jwhg4beayert" path="res://ui/health_component/HealthComponent.tscn" id="2_wqcwe"]
[ext_resource type="Script" uid="uid://nqcrxsuj1cdf" path="res://ui/HealthBar3D/enemy_health_bar.gd" id="3_2ggct"]
[ext_resource type="PackedScene" uid="uid://duk5b06ohkpsc" path="res://entities/enemies/monstr.tscn" id="3_5lf1o"]
[ext_resource type="PackedScene" uid="uid://bh7ppnkyaubf7" path="res://vfx/hit_flash/HitFlash.tscn" id="4_msovg"]
[ext_resource type="Script" uid="uid://br8c8ywc11oph" path="res://common/components/combat_component.gd" id="5_2k7wq"]
[ext_resource type="Script" uid="uid://jti4ucm7ho77" path="res://common/components/animation_controller.gd" id="5_ftsks"]
[ext_resource type="Script" uid="uid://cks4om3mks65h" path="res://common/components/movement_component.gd" id="6_2k7wq"]
[ext_resource type="Script" uid="uid://bms48mt88e42c" path="res://entities/enemies/components/vision_component.gd" id="7_56i32"]
[ext_resource type="Script" uid="uid://c55cu0n3gbdfm" path="res://entities/enemies/components/enemy_attack_component.gd" id="8_sb13e"]
[ext_resource type="Script" uid="uid://cbx8244k71rsk" path="res://common/fsm/state_machine.gd" id="9_3udgd"]
[ext_resource type="Script" uid="uid://cxbbb82wp8q2v" path="res://entities/enemies/states/enemy_idle.gd" id="10_xmuku"]
[ext_resource type="Script" uid="uid://cvvgodl7fxgrn" path="res://entities/enemies/states/enemy_patrol.gd" id="11_2ggct"]
[ext_resource type="Script" uid="uid://cbsjg06awuo6g" path="res://entities/enemies/states/enemy_chase.gd" id="12_wy1il"]
[ext_resource type="Script" uid="uid://dirsi2ohsa4hb" path="res://entities/enemies/states/enemy_attack.gd" id="13_53k0f"]
[ext_resource type="Script" uid="uid://c6ccg8dnavfcp" path="res://entities/enemies/states/enemy_frustrated.gd" id="14_u01qb"]
[ext_resource type="Script" uid="uid://bn3bsn15qof6y" path="res://entities/enemies/states/enemy_dead.gd" id="15_4teby"]
[ext_resource type="Script" uid="uid://n1t4ruinfklm" path="res://entities/enemies/states/enemy_combat_stance.gd" id="17_53k0f"]
[ext_resource type="Script" uid="uid://c2im05hged14y" path="res://entities/enemies/states/enemy_flee.gd" id="17_wy1il"]
[ext_resource type="Script" uid="uid://ilu7xai8rnii" path="res://common/utils/random_audio_player_3d.gd" id="18_4teby"]
[ext_resource type="AudioStream" uid="uid://cy6x7q0s5irk7" path="res://assets/audio/mixkit-fantasy-monster-grunt-1977.mp3" id="19_8edke"]
[ext_resource type="AudioStream" uid="uid://bdgv843qcydoo" path="res://assets/audio/mixkit-soft-quick-punch-2151.mp3" id="20_ku6gj"]
[ext_resource type="AudioStream" uid="uid://b0r7fs2xvvu45" path="res://assets/audio/mixkit-strong-punches-to-the-body-2198-3.mp3" id="21_8edke"]
[ext_resource type="AudioStream" uid="uid://dctdgj0rwbvj5" path="res://assets/audio/mixkit-strong-punches-to-the-body-2198-2.mp3" id="22_y4tt3"]
[ext_resource type="AudioStream" uid="uid://brbtr34dd38x8" path="res://assets/audio/mixkit-strong-punches-to-the-body-2198-1.mp3" id="23_21xsh"]
[ext_resource type="AudioStream" uid="uid://q382v6423pvu" path="res://assets/audio/mixkit-impact-of-a-strong-punch-2155.mp3" id="24_y4tt3"]
[ext_resource type="Shader" uid="uid://bxxg6h5x5fm3t" path="res://assets/shaders/GrassCollisionSphere.gdshader" id="25_21xsh"]

[sub_resource type="AnimationNodeAnimation" id="AnimationNodeAnimation_2k7wq"]
animation = &"Monstr_attack_1"

[sub_resource type="AnimationNodeAnimation" id="AnimationNodeAnimation_llg7d"]
animation = &"Monstr_attack_2"

[sub_resource type="AnimationNodeTimeScale" id="AnimationNodeTimeScale_lmmiu"]

[sub_resource type="AnimationNodeAnimation" id="AnimationNodeAnimation_nkaw1"]
animation = &"Monstr_hit"

[sub_resource type="AnimationNodeTimeSeek" id="AnimationNodeTimeSeek_6fcqh"]

[sub_resource type="AnimationNodeAnimation" id="AnimationNodeAnimation_dec5i"]
animation = &"Monstr_angry"

[sub_resource type="AnimationNodeTransition" id="AnimationNodeTransition_0j0it"]
xfade_time = 0.2
input_0/name = "Attack1"
input_0/auto_advance = false
input_0/break_loop_at_end = false
input_0/reset = true
input_1/name = "Attack2"
input_1/auto_advance = false
input_1/break_loop_at_end = false
input_1/reset = true

[sub_resource type="AnimationNodeOneShot" id="AnimationNodeOneShot_712qu"]
filters = ["..", "root/Skeleton3D:arm_stretch.l", "root/Skeleton3D:arm_stretch.r", "root/Skeleton3D:arm_twist.l", "root/Skeleton3D:arm_twist.r", "root/Skeleton3D:forearm_stretch.l", "root/Skeleton3D:forearm_stretch.r", "root/Skeleton3D:forearm_twist.l", "root/Skeleton3D:forearm_twist.r", "root/Skeleton3D:hand.l", "root/Skeleton3D:hand.r", "root/Skeleton3D:head.x", "root/Skeleton3D:neck.x", "root/Skeleton3D:root.x", "root/Skeleton3D:shoulder.l", "root/Skeleton3D:shoulder.r", "root/Skeleton3D:spine_01.x"]
fadein_time = 0.2
fadeout_time = 0.1

[sub_resource type="AnimationNodeAnimation" id="AnimationNodeAnimation_pbvo2"]
animation = &"Monstr_walk"
play_mode = 1

[sub_resource type="AnimationNodeAnimation" id="AnimationNodeAnimation_5ltra"]
animation = &"Monstr_attack_idle"

[sub_resource type="AnimationNodeAnimation" id="AnimationNodeAnimation_t287r"]
animation = &"Monstr_walk"

[sub_resource type="AnimationNodeAnimation" id="AnimationNodeAnimation_tqj2o"]
animation = &"Monstr_run"

[sub_resource type="AnimationNodeBlendSpace1D" id="AnimationNodeBlendSpace1D_21xsh"]
blend_point_0/node = SubResource("AnimationNodeAnimation_pbvo2")
blend_point_0/pos = -1.0
blend_point_1/node = SubResource("AnimationNodeAnimation_5ltra")
blend_point_1/pos = 0.0
blend_point_2/node = SubResource("AnimationNodeAnimation_t287r")
blend_point_2/pos = 1.0
blend_point_3/node = SubResource("AnimationNodeAnimation_tqj2o")
blend_point_3/pos = 2.0
max_space = 2.0

[sub_resource type="AnimationNodeAnimation" id="AnimationNodeAnimation_6ak4d"]
animation = &"Monstr_death"
use_custom_timeline = true
timeline_length = 1.0
stretch_time_scale = true
start_offset = 0.0
loop_mode = 0

[sub_resource type="AnimationNodeOneShot" id="AnimationNodeOneShot_nkaw1"]
filter_enabled = true
filters = ["root/Skeleton3D:c_traj", "root/Skeleton3D:head.x", "root/Skeleton3D:neck.x", "root/Skeleton3D:root.x", "root/Skeleton3D:shoulder.l", "root/Skeleton3D:shoulder.r", "root/Skeleton3D:spine_01.x"]
fadein_time = 0.01
fadeout_time = 0.01

[sub_resource type="AnimationNodeAnimation" id="AnimationNodeAnimation_6fcqh"]
animation = &"Monstr_knockdown"
use_custom_timeline = true
timeline_length = 0.3
stretch_time_scale = true
start_offset = 0.0
loop_mode = 0

[sub_resource type="AnimationNodeOneShot" id="AnimationNodeOneShot_dec5i"]
filters = ["root/Skeleton3D:arm_stretch.l", "root/Skeleton3D:arm_stretch.r", "root/Skeleton3D:arm_twist.l", "root/Skeleton3D:arm_twist.r", "root/Skeleton3D:forearm_stretch.l", "root/Skeleton3D:forearm_stretch.r", "root/Skeleton3D:forearm_twist.l", "root/Skeleton3D:forearm_twist.r", "root/Skeleton3D:hand.l", "root/Skeleton3D:hand.r", "root/Skeleton3D:head.x", "root/Skeleton3D:neck.x", "root/Skeleton3D:root.x", "root/Skeleton3D:shoulder.l", "root/Skeleton3D:shoulder.r", "root/Skeleton3D:spine_01.x"]
fadein_time = 0.1
fadeout_time = 0.1

[sub_resource type="AnimationNodeAnimation" id="AnimationNodeAnimation_21xsh"]
animation = &"Monstr_idle"
advance_on_start = true

[sub_resource type="AnimationNodeAnimation" id="AnimationNodeAnimation_rag6w"]
animation = &"Monstr_walk"

[sub_resource type="AnimationNodeAnimation" id="AnimationNodeAnimation_ftsks"]
animation = &"Monstr_run"

[sub_resource type="AnimationNodeAnimation" id="AnimationNodeAnimation_712qu"]
animation = &"Monstr_walk"
play_mode = 1

[sub_resource type="AnimationNodeBlendSpace1D" id="AnimationNodeBlendSpace1D_2k7wq"]
blend_point_0/node = SubResource("AnimationNodeAnimation_21xsh")
blend_point_0/pos = 0.0
blend_point_1/node = SubResource("AnimationNodeAnimation_rag6w")
blend_point_1/pos = 1.0
blend_point_2/node = SubResource("AnimationNodeAnimation_ftsks")
blend_point_2/pos = 2.0
blend_point_3/node = SubResource("AnimationNodeAnimation_712qu")
blend_point_3/pos = -1.0
max_space = 2.0

[sub_resource type="AnimationNodeTransition" id="AnimationNodeTransition_pbvo2"]
xfade_time = 0.2
input_0/name = "normal"
input_0/auto_advance = false
input_0/break_loop_at_end = false
input_0/reset = true
input_1/name = "strafe"
input_1/auto_advance = false
input_1/break_loop_at_end = false
input_1/reset = true
input_2/name = "chase"
input_2/auto_advance = false
input_2/break_loop_at_end = false
input_2/reset = true

[sub_resource type="AnimationNodeTransition" id="AnimationNodeTransition_5ltra"]
xfade_time = 0.2
input_0/name = "alive"
input_0/auto_advance = false
input_0/break_loop_at_end = false
input_0/reset = true
input_1/name = "dead"
input_1/auto_advance = false
input_1/break_loop_at_end = false
input_1/reset = true
input_2/name = "angry"
input_2/auto_advance = false
input_2/break_loop_at_end = false
input_2/reset = true

[sub_resource type="AnimationNodeAnimation" id="AnimationNodeAnimation_lmmiu"]
animation = &"Monstr_walk_strafe_l"

[sub_resource type="AnimationNodeAnimation" id="AnimationNodeAnimation_vkm0h"]
animation = &"Monstr_walk_strafe_r"

[sub_resource type="AnimationNodeAnimation" id="AnimationNodeAnimation_0j0it"]
animation = &"Monstr_attack_idle"

[sub_resource type="AnimationNodeBlendSpace1D" id="AnimationNodeBlendSpace1D_llg7d"]
blend_point_0/node = SubResource("AnimationNodeAnimation_lmmiu")
blend_point_0/pos = -1.0
blend_point_1/node = SubResource("AnimationNodeAnimation_vkm0h")
blend_point_1/pos = 1.0
blend_point_2/node = SubResource("AnimationNodeAnimation_0j0it")
blend_point_2/pos = 0.0

[sub_resource type="AnimationNodeBlendTree" id="AnimationNodeBlendTree_21xsh"]
graph_offset = Vector2(30.584522, -345.70563)
nodes/output/position = Vector2(1376, 192)
nodes/locomotion_blend/node = SubResource("AnimationNodeBlendSpace1D_2k7wq")
nodes/locomotion_blend/position = Vector2(144, -624)
nodes/strafe_blend/node = SubResource("AnimationNodeBlendSpace1D_llg7d")
nodes/strafe_blend/position = Vector2(144, -464)
nodes/move_mode/node = SubResource("AnimationNodeTransition_pbvo2")
nodes/move_mode/position = Vector2(336, -416)
nodes/state/node = SubResource("AnimationNodeTransition_5ltra")
nodes/state/position = Vector2(1216, 144)
nodes/dead/node = SubResource("AnimationNodeAnimation_6ak4d")
nodes/dead/position = Vector2(1024, 208)
nodes/angry/node = SubResource("AnimationNodeAnimation_dec5i")
nodes/angry/position = Vector2(864, 400)
nodes/TimeSeek/node = SubResource("AnimationNodeTimeSeek_6fcqh")
nodes/TimeSeek/position = Vector2(1056, 384)
nodes/attack_oneshot/node = SubResource("AnimationNodeOneShot_712qu")
nodes/attack_oneshot/position = Vector2(656, -208)
nodes/hit_oneshot/node = SubResource("AnimationNodeOneShot_nkaw1")
nodes/hit_oneshot/position = Vector2(832, -144)
nodes/attack_idx/node = SubResource("AnimationNodeTransition_0j0it")
nodes/attack_idx/position = Vector2(336, -160)
nodes/Attack1/node = SubResource("AnimationNodeAnimation_2k7wq")
nodes/Attack1/position = Vector2(144, -128)
nodes/Attack2/node = SubResource("AnimationNodeAnimation_llg7d")
nodes/Attack2/position = Vector2(144, 32)
nodes/Hit/node = SubResource("AnimationNodeAnimation_nkaw1")
nodes/Hit/position = Vector2(624, 96)
nodes/knockdown_oneshot/node = SubResource("AnimationNodeOneShot_dec5i")
nodes/knockdown_oneshot/position = Vector2(1008, -64)
nodes/knockdown/node = SubResource("AnimationNodeAnimation_6fcqh")
nodes/knockdown/position = Vector2(784, 128)
nodes/chase_blend/node = SubResource("AnimationNodeBlendSpace1D_21xsh")
nodes/chase_blend/position = Vector2(144, -304)
nodes/AttackSpeed/node = SubResource("AnimationNodeTimeScale_lmmiu")
nodes/AttackSpeed/position = Vector2(496, -96)
node_connections = [&"output", 0, &"state", &"move_mode", 0, &"locomotion_blend", &"move_mode", 1, &"strafe_blend", &"move_mode", 2, &"chase_blend", &"state", 0, &"knockdown_oneshot", &"state", 1, &"dead", &"state", 2, &"TimeSeek", &"TimeSeek", 0, &"angry", &"attack_oneshot", 0, &"move_mode", &"attack_oneshot", 1, &"AttackSpeed", &"hit_oneshot", 0, &"attack_oneshot", &"hit_oneshot", 1, &"Hit", &"attack_idx", 0, &"Attack1", &"attack_idx", 1, &"Attack2", &"knockdown_oneshot", 0, &"hit_oneshot", &"knockdown_oneshot", 1, &"knockdown", &"AttackSpeed", 0, &"attack_idx"]

[sub_resource type="BoxShape3D" id="BoxShape3D_msovg"]
size = Vector3(2.2810059, 1.4276657, 2.4621277)

[sub_resource type="CapsuleShape3D" id="CapsuleShape3D_lw7nh"]

[sub_resource type="ShaderMaterial" id="ShaderMaterial_rag6w"]
render_priority = 0
shader = ExtResource("25_21xsh")

[sub_resource type="SphereMesh" id="SphereMesh_wy1il"]

[node name="Enemy" type="CharacterBody3D" groups=["enemies", "level_detail_objects"]]
collision_layer = 4
collision_mask = 91
collision_priority = 0.6
script = ExtResource("1_ksmh7")
show_debug_label = false
help_radius = 8.0
retreat_speed = 1.5
attack_rotation_speed = 5.0

[node name="VisibleOnScreenNotifier3D" type="VisibleOnScreenNotifier3D" parent="."]
aabb = AABB(-1.0936372, -0.47408557, -0.99435246, 2.1872745, 2.4518332, 1.9887049)

[node name="AlertIndicator" parent="." instance=ExtResource("2_lmmiu")]
transform = Transform3D(1, 0, 0, 0, 1, 0, 0, 0, 1, 0, 2.6, 0)
aggro_color = Color(1, 1, 0, 0.78431374)
attack_color = Color(1, 0, 0, 0.78431374)

[node name="HealthBar3D" parent="." instance=ExtResource("2_twyc1")]
transform = Transform3D(1, 0, 0, 0, 1, 0, 0, 0, 1, 0, 2.175171, 0)
script = ExtResource("3_2ggct")
fade_delay = 5.0

[node name="Components" type="Node" parent="."]

[node name="HealthComponent" parent="Components" instance=ExtResource("2_wqcwe")]
max_health = 8.0

[node name="AnimationController" type="Node" parent="Components" node_paths=PackedStringArray("anim_tree")]
script = ExtResource("5_ftsks")
anim_tree = NodePath("../../Monstr/AnimationTree")

[node name="CombatComponent" type="Node" parent="Components" node_paths=PackedStringArray("punch_hand_r", "punch_hand_l", "attack_area")]
script = ExtResource("5_2k7wq")
faction = 1
self_recoil_strength = 2.5
attack_cooldown = 1.5
combo_window_time = 0.5
combo_cooldown_after_combo = 0.01
attack_roll_cancel_threshold = 0.5
kb_strength_normal = 5.0
kb_height_normal = 8.0
hs_prop_time_scale = 0.5
hs_prop_duration = 0.01
hs_normal_time_scale = 0.4
hs_normal_duration = 0.01
hs_finisher_time_scale = 0.3
hs_finisher_duration = 0.01
punch_hand_r = NodePath("../../Monstr/HitboxesContainer/punch_hand_r")
punch_hand_l = NodePath("../../Monstr/HitboxesContainer/punch_hand_l")
attack_area = NodePath("../../Monstr/PunchArea")

[node name="MovementComponent" type="Node" parent="Components"]
script = ExtResource("6_2k7wq")
rotation_speed = 5.0
roll_push_multiplier = 1.5
jump_height = 1.45
jump_time_to_peak = 0.3
jump_time_to_descent = 0.25
second_jump_multiplier = 1.4

[node name="EnemyAttackComponent" type="Node" parent="Components"]
script = ExtResource("8_sb13e")
tactical_retreat_distance = 3.0
retreat_interrupt_range = 0.8

[node name="VisionComponent" type="Node3D" parent="Components"]
script = ExtResource("7_56i32")
sight_range = 6.0
lost_sight_range = 8.0
proximity_detection_range = 2.5
scan_interval = 0.5

[node name="StateMachine" type="Node" parent="." node_paths=PackedStringArray("initial_state")]
script = ExtResource("9_3udgd")
initial_state = NodePath("Idle")

[node name="Idle" type="Node" parent="StateMachine"]
script = ExtResource("10_xmuku")

[node name="Patrol" type="Node" parent="StateMachine"]
script = ExtResource("11_2ggct")

[node name="Chase" type="Node" parent="StateMachine"]
script = ExtResource("12_wy1il")

[node name="Attack" type="Node" parent="StateMachine"]
script = ExtResource("13_53k0f")
warning_lead_time = 0.6

[node name="Frustrated" type="Node" parent="StateMachine"]
script = ExtResource("14_u01qb")

[node name="Dead" type="Node" parent="StateMachine"]
script = ExtResource("15_4teby")

[node name="Flee" type="Node" parent="StateMachine"]
script = ExtResource("17_wy1il")
flee_speed = 1.0

[node name="CombatStance" type="Node" parent="StateMachine"]
script = ExtResource("17_53k0f")

[node name="HitFlash" parent="." instance=ExtResource("4_msovg")]
mesh_path = NodePath("../Monstr/root/Skeleton3D/Monstr")
flash_time = 0.2

[node name="NavigationAgent3D" type="NavigationAgent3D" parent="."]
path_desired_distance = 0.75
avoidance_enabled = true
neighbor_distance = 10.0
max_neighbors = 5
time_horizon_agents = 0.5
time_horizon_obstacles = 1.0
max_speed = 20.0

[node name="Monstr" parent="." instance=ExtResource("3_5lf1o")]

[node name="punch_hand_r" parent="Monstr/HitboxesContainer" index="0"]
transform = Transform3D(-0.1643394, -0.10347472, -0.98096144, -0.22019978, -0.9654009, 0.13875239, -0.96151084, 0.23877628, 0.1358874, -0.7284039, 0.3806496, 0.1469836)

[node name="punch_hand_l" parent="Monstr/HitboxesContainer" index="1"]
transform = Transform3D(-0.16229981, 0.094571605, 0.9821984, 0.22168764, -0.96624476, 0.12970863, 0.9615074, 0.23874356, 0.13588674, 0.7644949, 0.34893987, 0.15533869)

[node name="Skeleton3D" parent="Monstr/root" index="0"]
bones/1/position = Vector3(1.222119e-10, 0.40925187, -0.0050630285)
bones/1/rotation = Quaternion(0.042217515, -2.1071057e-06, -8.685672e-08, 0.9991085)
bones/2/position = Vector3(-0.023871008, 0.24904297, -0.022778217)
bones/2/rotation = Quaternion(-0.045514025, -0.009426871, 0.0018839482, 0.9989175)
bones/2/scale = Vector3(0.99999994, 0.9999999, 0.9999999)
bones/3/rotation = Quaternion(0.23842315, 3.128357e-06, 4.6795194e-06, 0.9711614)
bones/4/position = Vector3(-7.912331e-09, 0.06338386, -2.648917e-07)
bones/4/rotation = Quaternion(-0.25185958, -4.0628365e-06, -4.8420457e-06, 0.9677639)
bones/4/scale = Vector3(1, 1.0000001, 1)
bones/5/position = Vector3(-0.12701668, 0.47739205, -0.018639944)
bones/5/rotation = Quaternion(-0.50328225, 0.47770002, 0.5925264, 0.40917268)
bones/6/rotation = Quaternion(-0.51021814, 0.16345595, -0.26394448, 0.8020555)
bones/6/scale = Vector3(1.0000002, 0.99999917, 1)
bones/7/rotation = Quaternion(3.948774e-08, -0.3011847, -1.7128487e-08, 0.9535659)
bones/7/scale = Vector3(1.0000002, 1.0000008, 0.9999997)
bones/8/rotation = Quaternion(1.4376482e-08, 2.0168217e-08, 0.57728475, 0.81654304)
bones/8/scale = Vector3(1.0000006, 0.9999998, 1)
bones/9/rotation = Quaternion(4.6938254e-08, -0.2736274, 1.8852909e-08, 0.9618358)
bones/10/rotation = Quaternion(-0.22286893, -0.18268551, -0.3528152, 0.8902117)
bones/10/scale = Vector3(0.9999991, 0.9999995, 0.9999994)
bones/11/position = Vector3(0.13084684, 0.47340155, -0.047634125)
bones/11/rotation = Quaternion(0.5738763, 0.3806284, 0.5379449, -0.48621318)
bones/12/rotation = Quaternion(-0.4733758, -0.23281185, -0.03987448, 0.84860134)
bones/12/scale = Vector3(1.0000001, 1.0000006, 1.0000004)
bones/13/rotation = Quaternion(-8.836951e-09, 0.1320866, -2.0403796e-08, 0.9912382)
bones/13/scale = Vector3(0.9999997, 0.99999976, 0.99999976)
bones/14/rotation = Quaternion(-4.7950063e-08, -5.983379e-08, -0.28006968, 0.9599797)
bones/14/scale = Vector3(0.9999997, 0.9999999, 0.99999994)
bones/15/rotation = Quaternion(-1.4798276e-08, 0.26364338, -9.672187e-08, 0.96462023)
bones/16/rotation = Quaternion(-0.2079221, 0.21590841, 0.25783837, 0.9185158)
bones/16/scale = Vector3(0.99999905, 0.9999991, 0.9999994)
bones/17/rotation = Quaternion(0.7245777, 0.44113228, 0.49959642, 0.17547922)
bones/17/scale = Vector3(0.99999994, 1.0000001, 0.9999997)
bones/18/rotation = Quaternion(-2.834065e-08, 0.14836182, 9.010822e-08, 0.9889332)
bones/19/rotation = Quaternion(-2.7925735e-08, -1.7961138e-08, 0.42853814, 0.9035236)
bones/19/scale = Vector3(0.99999964, 0.9999998, 0.99999976)
bones/20/rotation = Quaternion(0.13438508, 0.69237685, -0.32347554, 0.63080794)
bones/20/scale = Vector3(1.0000004, 1.0000002, 1.0000001)
bones/21/rotation = Quaternion(-4.918134e-07, 0.91525155, 0.4028828, -5.757998e-07)
bones/22/rotation = Quaternion(-1.0314144e-07, 0.09057275, 8.312979e-08, 0.99588984)
bones/23/rotation = Quaternion(0.7146325, -0.2657036, -0.635968, -0.11936042)
bones/23/scale = Vector3(0.99999994, 0.9999999, 0.9999997)
bones/24/rotation = Quaternion(-1.5531904e-07, -0.025805578, -1.5084144e-08, 0.999667)
bones/25/rotation = Quaternion(-4.1376293e-08, -1.2617365e-07, -0.38912636, 0.9211845)
bones/25/scale = Vector3(0.99999994, 1.0000001, 0.9999997)
bones/26/rotation = Quaternion(0.20469567, -0.48861822, 0.5834204, 0.6156075)
bones/26/scale = Vector3(1.0000002, 1, 1)
bones/27/rotation = Quaternion(3.8668566e-07, 0.91525155, 0.40288314, 4.4961544e-07)
bones/28/rotation = Quaternion(-5.5376365e-08, -0.023573026, -3.7791214e-08, 0.9997221)

[node name="Monstr" parent="Monstr/root/Skeleton3D" index="0"]
layers = 2

[node name="hand_r" parent="Monstr/root/Skeleton3D" index="1"]
transform = Transform3D(-0.16236335, -0.09488878, -0.98215747, -0.22118036, -0.9665361, 0.12994379, -0.9616214, 0.23833218, 0.1359427, -0.7103319, 0.56473076, 0.10159216)

[node name="RemoteTransform3D" parent="Monstr/root/Skeleton3D/hand_r" index="0"]
transform = Transform3D(1, 0, 0, 0, 1, 0, 0, 0, 1, 0, 0.19045451, 4.656613e-10)

[node name="hand_l" parent="Monstr/root/Skeleton3D" index="2"]
transform = Transform3D(-0.16418335, 0.103489414, 0.9809856, 0.21983571, -0.96563107, 0.13866252, 0.9616202, 0.23842207, 0.13578963, 0.7447849, 0.53284866, 0.10993013)

[node name="RemoteTransform3D" parent="Monstr/root/Skeleton3D/hand_l" index="0"]
transform = Transform3D(1, 0, 0, 0, 1, 0, 0, 0, 1, 0, 0.19045451, 4.656613e-10)

[node name="Physical Bone root_x" parent="Monstr/root/Skeleton3D/PhysicalBoneSimulator3D" index="0"]
transform = Transform3D(1, -4.0138366e-06, -1.784595e-08, -3.5638897e-07, -0.084359854, -0.9964354, 3.998023e-06, 0.9964354, -0.084359854, -3.8167072e-06, 0.55127335, 0.0071371156)
joint_offset = Transform3D(1, 0, 0, 0, 1, 0, 0, 0, 1, 3.8177827e-06, -0.0001757033, 0.14254445)
body_offset = Transform3D(1, 2.9728653e-08, -7.450922e-09, -7.451007e-09, -7.450581e-09, -1, -2.9729108e-08, 1.0000001, 0, -3.8167154e-06, 0.14254445, 0.00017570332)

[node name="Physical Bone spine_01_x" parent="Monstr/root/Skeleton3D/PhysicalBoneSimulator3D" index="1"]
transform = Transform3D(0.9998152, -0.019008059, 0.0028904085, 0.003012133, 0.0063783284, -0.99997514, 0.01898915, 0.999799, 0.006434404, -0.024563871, 0.90772617, -0.008397807)
joint_offset = Transform3D(1, 0, 0, 0, 1, 0, 0, 0, 1, -2.4104276e-05, 4.906767e-05, 0.24840385)
body_offset = Transform3D(1.0000001, 2.1979213e-07, -1.8657054e-05, -1.8656137e-05, -0.00019633956, -1.0000002, -2.2165477e-07, 1.0000004, -0.00019632094, 2.8738752e-05, 0.2484039, -3.008172e-07)

[node name="Physical Bone neck_x" parent="Monstr/root/Skeleton3D/PhysicalBoneSimulator3D" index="2"]
transform = Transform3D(0.9998176, -0.015484337, 0.011185643, 0.002852144, -0.45800006, -0.88894767, 0.01888779, 0.8888173, -0.45787233, -0.02564573, 1.1738433, 0.004774227)
joint_offset = Transform3D(1, 0, 0, 0, 1, 0, 0, 0, 1, 2.867613e-06, 2.062966e-05, 0.0322474)
body_offset = Transform3D(1.0000002, 8.568168e-08, -0.00021288078, -0.00021287892, -0.00083750486, -1.0000001, -2.5890768e-07, 1, -0.00083750486, 3.9972365e-06, 0.032247424, 6.377697e-06)

[node name="Physical Bone shoulder_r" parent="Monstr/root/Skeleton3D/PhysicalBoneSimulator3D" index="3"]
transform = Transform3D(-0.13835692, -0.2094899, 0.9679728, -0.002515599, 0.97744393, 0.21118009, -0.9903793, 0.026783194, -0.13576312, -0.34399706, 1.0941781, -0.0040633734)
joint_offset = Transform3D(1, 0, 0, 0, 1, 0, 0, 0, 1, -4.1701252e-05, 0.00011115611, 0.19847439)
body_offset = Transform3D(0.99999917, -8.779019e-05, -0.0014931858, -0.0014932901, 0.0005195015, -0.9999987, 8.8566914e-05, 1, 0.0005192945, 0.0003380701, 0.19847402, -0.0002142191)

[node name="Physical Bone arm_stretch_r" parent="Monstr/root/Skeleton3D/PhysicalBoneSimulator3D" index="4"]
transform = Transform3D(0.4559934, -0.17519853, -0.8725683, 0.1287463, -0.9571339, 0.25945923, -0.88062155, -0.23065165, -0.41389063, -0.52601415, 1.0547435, 0.022132643)
joint_offset = Transform3D(1, 0, 0, 0, 1, 0, 0, 0, 1, -2.0576848e-05, 2.0349613e-05, 0.000101726015)
body_offset = Transform3D(0.9999995, -0.00047689676, -0.00094634295, 0.00047801435, 1.0000004, 0.0010283217, 0.0009459853, -0.001028873, 0.9999991, 2.0682812e-05, -2.0444393e-05, -0.000101685524)

[node name="Physical Bone forearm_stretch_r" parent="Monstr/root/Skeleton3D/PhysicalBoneSimulator3D" index="5"]
transform = Transform3D(-0.013756796, -0.87205446, 0.4892155, -0.85895956, 0.2607632, 0.44067115, -0.5118587, -0.4141541, -0.7526467, -0.6261585, 0.640538, -0.027872145)
joint_offset = Transform3D(1, 0, 0, 0, 1, 0, 0, 0, 1, -4.4797557e-06, -3.0687446e-05, 0.058488883)
body_offset = Transform3D(1.0000001, -0.00033836067, 4.4822693e-05, 4.5388937e-05, 0.00021067262, -1.0000002, 0.00033830106, 0.99999976, 0.00021082163, 1.847744e-06, 0.0584889, 1.835823e-05)

[node name="Physical Bone shoulder_l" parent="Monstr/root/Skeleton3D/PhysicalBoneSimulator3D" index="6"]
transform = Transform3D(0.095985614, 0.24269696, -0.9653419, -0.077485554, 0.9686988, 0.23583637, 0.9923622, 0.05216316, 0.111786656, 0.29642293, 1.0862048, -0.08166691)
joint_offset = Transform3D(1, 0, 0, 0, 1, 0, 0, 0, 1, 0.0045914794, 0.00042918778, 0.19732489)
body_offset = Transform3D(0.99985325, 0.0022040792, -0.017011628, -0.017009377, -0.0010470483, -0.99985486, -0.0022216514, 0.9999973, -0.0010093204, -0.0012349337, 0.19737482, -0.00021982193)

[node name="Physical Bone arm_stretch_l" parent="Monstr/root/Skeleton3D/PhysicalBoneSimulator3D" index="7"]
transform = Transform3D(0.35260427, 0.37028474, 0.85939485, 0.31258345, -0.9122347, 0.26480067, 0.8820214, 0.17526278, -0.43740273, 0.47893828, 1.041748, -0.10479215)
joint_offset = Transform3D(1, 0, 0, 0, 1, 0, 0, 0, 1, 0, 0, 0)
body_offset = Transform3D(1.0000001, -0.00016950071, 0.00036129355, 0.00016969442, 0.9999996, -0.00042398274, -0.00036141276, 0.00042404234, 0.9999997, 0, 0, 0)

[node name="Physical Bone forearm_stretch_l" parent="Monstr/root/Skeleton3D/PhysicalBoneSimulator3D" index="8"]
transform = Transform3D(0.09838344, 0.8600401, -0.50065124, 0.75404483, 0.26388106, 0.6014842, 0.64941293, -0.43668953, -0.6225473, 0.65847313, 0.63622797, 0.002924282)
joint_offset = Transform3D(1, 0, 0, 0, 1, 0, 0, 0, 1, -3.753467e-05, -4.3260567e-05, 0.05850541)
body_offset = Transform3D(1.0000004, 0.0003655553, 0.00029340386, 0.00029358268, 0.0011568666, -0.9999994, -0.00036606193, 0.99999934, 0.0011568964, 2.0384789e-05, 0.05850544, -2.4437904e-05)

[node name="Physical Bone thigh_stretch_l" parent="Monstr/root/Skeleton3D/PhysicalBoneSimulator3D" index="9"]
transform = Transform3D(0.11236966, 0.46360758, 0.8788862, 0.7633294, -0.6065382, 0.22235028, 0.6361613, 0.64589435, -0.42204177, 0.20556171, 0.3869846, -0.0154512)
joint_offset = Transform3D(0.999999, 0, 0, 0, 1, 0, 0, 0, 0.999999, 1.3204729e-05, 1.5850437e-05, -2.1042293e-05)
body_offset = Transform3D(0.9999999, -0.0007607341, -0.00046381354, 0.0007609725, 0.99999976, 0.0002683699, 0.00046351552, -0.00026878715, 1.0000002, -1.3202429e-05, -1.5854836e-05, 2.104044e-05)

[node name="Physical Bone leg_stretch_l" parent="Monstr/root/Skeleton3D/PhysicalBoneSimulator3D" index="10"]
transform = Transform3D(0.43010736, 0.87866783, -0.2072451, 0.014458782, 0.22282977, 0.97475016, 0.902662, -0.42224368, 0.08313626, 0.30754495, 0.19899139, 0.0976884)
joint_offset = Transform3D(1, 0, 0, 0, 1, 0, 0, 0, 1, 2.316828e-05, -1.4463792e-05, 0.07781918)
body_offset = Transform3D(1.0000002, -0.00035500526, -0.00039697438, -0.0003971979, 3.310293e-05, -1.0000001, 0.00035500526, 1.0000005, 3.2953918e-05, 7.7188015e-06, 0.0778192, 1.1891127e-05)

[node name="Physical Bone foot_l" parent="Monstr/root/Skeleton3D/PhysicalBoneSimulator3D" index="11"]
transform = Transform3D(-0.96191627, 0.21598393, -0.16753565, 0.00069556665, 0.6148422, 0.7886499, 0.27334368, 0.75849855, -0.59157693, 0.33520895, 0.071022406, 0.13224706)
joint_offset = Transform3D(1, 0, 0, 0, 1, 0, 0, 0, 1, 0.0004166377, -0.0002601179, 0.06895932)
body_offset = Transform3D(0.9999991, -0.0014726818, 0.00026670098, 0.0002654493, -0.0010313094, -0.99999964, 0.0014730096, 0.9999989, -0.0010311604, -0.00043541193, 0.068958916, 0.00033061206)

[node name="Physical Bone thigh_stretch_r" parent="Monstr/root/Skeleton3D/PhysicalBoneSimulator3D" index="12"]
transform = Transform3D(0.049246058, -0.53385437, -0.84414124, -0.14511284, -0.8400232, 0.5227843, -0.98818886, 0.09675067, -0.11883694, -0.20551017, 0.3870004, -0.015432102)
joint_offset = Transform3D(0.999999, 0, 0, 0, 1, 0, 0, 0, 0.999999, -4.1971734e-06, 3.9360984e-05, 2.4335157e-05)
body_offset = Transform3D(1.0000001, -0.00035660714, -0.0005452782, 0.00035511702, 0.9999967, -0.002671061, 0.0005462542, 0.0026707323, 0.9999966, 4.224479e-06, -3.9294362e-05, -2.4437904e-05)

[node name="Physical Bone leg_stretch_r" parent="Monstr/root/Skeleton3D/PhysicalBoneSimulator3D" index="13"]
transform = Transform3D(0.42020842, -0.843072, 0.33564046, 0.5015525, 0.5240324, 0.6883569, -0.75622076, -0.12091206, 0.6430477, -0.33018795, 0.17770368, -0.047430217)
joint_offset = Transform3D(1, 0, 0, 0, 1, 0, 0, 0, 1, 0.00014735712, -0.00010980037, 0.07775685)
body_offset = Transform3D(0.9999888, 0.0041797534, -0.0023730397, -0.0023641586, -0.0021429583, -0.9999949, -0.004184805, 0.9999896, -0.0021329522, 3.762357e-05, 0.07775657, 0.00027626753)

[node name="Physical Bone foot_r" parent="Monstr/root/Skeleton3D/PhysicalBoneSimulator3D" index="14"]
transform = Transform3D(-0.9501219, -0.24513271, 0.19281685, 0.0016319727, 0.6143267, 0.78905016, -0.3118745, 0.75000846, -0.5832852, -0.36823264, 0.07065081, -0.055771653)
joint_offset = Transform3D(1, 0, 0, 0, 1, 0, 0, 0, 1, 0.00033690824, 0.0002779617, 0.06897666)
body_offset = Transform3D(0.99999857, -0.0013825744, -0.0009923875, -0.000993222, -0.0003785789, -0.99999976, 0.0013827085, 0.9999991, -0.000379771, -0.0002680719, 0.06897709, -0.00025223196)

[node name="AnimationPlayer" parent="Monstr" index="2"]
callback_mode_process = 2
autoplay = "Monstr_idle"
playback_default_blend_time = 0.2
blend_times = [&"Monstr_idle", &"Monstr_angry", 0.2, &"Monstr_idle", &"Monstr_attack_1", 0.2, &"Monstr_idle", &"Monstr_attack_idle", 0.2, &"Monstr_idle", &"Monstr_idle", 0.2, &"Monstr_idle", &"Monstr_knockdown", 0.2, &"Monstr_idle", &"Monstr_walk", 0.2]

[node name="AnimationTree" type="AnimationTree" parent="Monstr"]
tree_root = SubResource("AnimationNodeBlendTree_21xsh")
anim_player = NodePath("../AnimationPlayer")
parameters/locomotion_blend/blend_position = 0.0
parameters/strafe_blend/blend_position = 0.0
parameters/move_mode/current_state = "chase"
parameters/move_mode/transition_request = ""
parameters/move_mode/current_index = 2
parameters/state/current_state = "alive"
parameters/state/transition_request = ""
parameters/state/current_index = 0
parameters/TimeSeek/seek_request = -1.0
parameters/attack_oneshot/active = false
parameters/attack_oneshot/internal_active = false
parameters/attack_oneshot/request = 0
parameters/hit_oneshot/active = false
parameters/hit_oneshot/internal_active = false
parameters/hit_oneshot/request = 0
parameters/attack_idx/current_state = "Attack1"
parameters/attack_idx/transition_request = ""
parameters/attack_idx/current_index = 0
parameters/knockdown_oneshot/active = false
parameters/knockdown_oneshot/internal_active = false
parameters/knockdown_oneshot/request = 0
parameters/chase_blend/blend_position = 0.0
parameters/AttackSpeed/scale = 1.0

[node name="PunchArea" type="Area3D" parent="Monstr"]
collision_layer = 2

[node name="CollisionShape3D" type="CollisionShape3D" parent="Monstr/PunchArea"]
transform = Transform3D(1, 0, 0, 0, 1, 0, 0, 0, 1, 1.4210855e-14, 1.3604743, 1.4440575)
shape = SubResource("BoxShape3D_msovg")

[node name="CollisionShape3D" type="CollisionShape3D" parent="."]
transform = Transform3D(1, 0, 0, 0, 1, 0, 0, 0, 1, 0, 1, 0)
shape = SubResource("CapsuleShape3D_lw7nh")

[node name="AttackTimer" type="Timer" parent="."]

[node name="SoundBank" type="Node3D" parent="."]

[node name="SfxHurtVoice" type="AudioStreamPlayer3D" parent="SoundBank"]
volume_db = -5.0
max_distance = 15.0
bus = &"SFX"
script = ExtResource("18_4teby")
streams = Array[AudioStream]([ExtResource("19_8edke")])
min_pitch = 1.0
max_pitch = 1.2

[node name="SfxFleshHit" type="AudioStreamPlayer3D" parent="SoundBank"]
volume_db = 80.0
max_db = 6.0
max_distance = 15.0
bus = &"SFX"
script = ExtResource("18_4teby")
streams = Array[AudioStream]([ExtResource("20_ku6gj"), ExtResource("21_8edke"), ExtResource("22_y4tt3"), ExtResource("23_21xsh")])

[node name="SfxDeathImpact" type="AudioStreamPlayer3D" parent="SoundBank"]
volume_db = 10.0
max_db = 6.0
max_distance = 15.0
bus = &"SFX"
script = ExtResource("18_4teby")
streams = Array[AudioStream]([ExtResource("24_y4tt3")])

[node name="GrassCollision" type="MeshInstance3D" parent="."]
transform = Transform3D(1, 0, 0, 0, 1, 0, 0, 0, 1, 0, 0.5, 0)
layers = 65536
material_override = SubResource("ShaderMaterial_rag6w")
mesh = SubResource("SphereMesh_wy1il")

[node name="DebugLabel" type="Label3D" parent="."]
transform = Transform3D(1, 0, 0, 0, 1, 0, 0, 0, 1, 0, 2.680199, 0)
billboard = 1
no_depth_test = true
text = "Debug"
font_size = 22
outline_size = 2

[connection signal="screen_entered" from="VisibleOnScreenNotifier3D" to="." method="_on_visible_on_screen_notifier_3d_screen_entered"]
[connection signal="screen_exited" from="VisibleOnScreenNotifier3D" to="." method="_on_visible_on_screen_notifier_3d_screen_exited"]

[editable path="Monstr"]
