[gd_scene load_steps=62 format=3 uid="uid://d8g64g8viihh"]

[ext_resource type="Script" uid="uid://ba6qmt80akqib" path="res://entities/enemies/enemy.gd" id="1_ksmh7"]
[ext_resource type="PackedScene" uid="uid://dkh8rsc2pvxl0" path="res://entities/enemies/components/AlertIndicator/alert_indicator.tscn" id="2_lmmiu"]
[ext_resource type="PackedScene" uid="uid://b72gnkqh5atrs" path="res://ui/HealthBar3D/health_bar_3d.tscn" id="2_twyc1"]
[ext_resource type="PackedScene" uid="uid://jwhg4beayert" path="res://ui/health_component/HealthComponent.tscn" id="2_wqcwe"]
[ext_resource type="Script" uid="uid://nqcrxsuj1cdf" path="res://ui/HealthBar3D/enemy_health_bar.gd" id="3_2ggct"]
[ext_resource type="PackedScene" uid="uid://duk5b06ohkpsc" path="res://entities/enemies/monstr.tscn" id="3_5lf1o"]
[ext_resource type="PackedScene" uid="uid://bh7ppnkyaubf7" path="res://vfx/hit_flash/HitFlash.tscn" id="4_msovg"]
[ext_resource type="Script" uid="uid://br8c8ywc11oph" path="res://common/components/combat_component.gd" id="5_2k7wq"]
[ext_resource type="Script" uid="uid://jti4ucm7ho77" path="res://common/components/animation_controller.gd" id="5_ftsks"]
[ext_resource type="Script" uid="uid://cks4om3mks65h" path="res://common/components/movement_component.gd" id="6_2k7wq"]
[ext_resource type="Script" uid="uid://bms48mt88e42c" path="res://entities/enemies/components/vision_component.gd" id="7_56i32"]
[ext_resource type="Script" uid="uid://c55cu0n3gbdfm" path="res://entities/enemies/components/enemy_attack_component.gd" id="8_sb13e"]
[ext_resource type="Script" uid="uid://cbx8244k71rsk" path="res://common/fsm/state_machine.gd" id="9_3udgd"]
[ext_resource type="Script" uid="uid://cxbbb82wp8q2v" path="res://entities/enemies/states/enemy_idle.gd" id="10_xmuku"]
[ext_resource type="Script" uid="uid://cvvgodl7fxgrn" path="res://entities/enemies/states/enemy_patrol.gd" id="11_2ggct"]
[ext_resource type="Script" uid="uid://cbsjg06awuo6g" path="res://entities/enemies/states/enemy_chase.gd" id="12_wy1il"]
[ext_resource type="Script" uid="uid://dirsi2ohsa4hb" path="res://entities/enemies/states/enemy_attack.gd" id="13_53k0f"]
[ext_resource type="Script" uid="uid://c6ccg8dnavfcp" path="res://entities/enemies/states/enemy_frustrated.gd" id="14_u01qb"]
[ext_resource type="Script" uid="uid://bn3bsn15qof6y" path="res://entities/enemies/states/enemy_dead.gd" id="15_4teby"]
[ext_resource type="Script" uid="uid://n1t4ruinfklm" path="res://entities/enemies/states/enemy_combat_stance.gd" id="17_53k0f"]
[ext_resource type="Script" uid="uid://c2im05hged14y" path="res://entities/enemies/states/enemy_flee.gd" id="17_wy1il"]
[ext_resource type="Script" uid="uid://ilu7xai8rnii" path="res://common/utils/random_audio_player_3d.gd" id="18_4teby"]
[ext_resource type="AudioStream" uid="uid://cy6x7q0s5irk7" path="res://assets/audio/mixkit-fantasy-monster-grunt-1977.mp3" id="19_8edke"]
[ext_resource type="AudioStream" uid="uid://bdgv843qcydoo" path="res://assets/audio/mixkit-soft-quick-punch-2151.mp3" id="20_ku6gj"]
[ext_resource type="AudioStream" uid="uid://b0r7fs2xvvu45" path="res://assets/audio/mixkit-strong-punches-to-the-body-2198-3.mp3" id="21_8edke"]
[ext_resource type="AudioStream" uid="uid://dctdgj0rwbvj5" path="res://assets/audio/mixkit-strong-punches-to-the-body-2198-2.mp3" id="22_y4tt3"]
[ext_resource type="AudioStream" uid="uid://brbtr34dd38x8" path="res://assets/audio/mixkit-strong-punches-to-the-body-2198-1.mp3" id="23_21xsh"]
[ext_resource type="AudioStream" uid="uid://q382v6423pvu" path="res://assets/audio/mixkit-impact-of-a-strong-punch-2155.mp3" id="24_y4tt3"]
[ext_resource type="Shader" uid="uid://bxxg6h5x5fm3t" path="res://assets/shaders/GrassCollisionSphere.gdshader" id="25_21xsh"]

[sub_resource type="AnimationNodeAnimation" id="AnimationNodeAnimation_2k7wq"]
animation = &"Monstr_attack_1"

[sub_resource type="AnimationNodeAnimation" id="AnimationNodeAnimation_llg7d"]
animation = &"Monstr_attack_2"

[sub_resource type="AnimationNodeAnimation" id="AnimationNodeAnimation_nkaw1"]
animation = &"Monstr_hit"

[sub_resource type="AnimationNodeTimeSeek" id="AnimationNodeTimeSeek_6fcqh"]

[sub_resource type="AnimationNodeAnimation" id="AnimationNodeAnimation_dec5i"]
animation = &"Monstr_angry"

[sub_resource type="AnimationNodeTransition" id="AnimationNodeTransition_0j0it"]
xfade_time = 0.2
input_0/name = "Attack1"
input_0/auto_advance = false
input_0/break_loop_at_end = false
input_0/reset = true
input_1/name = "Attack2"
input_1/auto_advance = false
input_1/break_loop_at_end = false
input_1/reset = true

[sub_resource type="AnimationNodeOneShot" id="AnimationNodeOneShot_712qu"]
filters = ["..", "root/Skeleton3D:arm_stretch.l", "root/Skeleton3D:arm_stretch.r", "root/Skeleton3D:arm_twist.l", "root/Skeleton3D:arm_twist.r", "root/Skeleton3D:forearm_stretch.l", "root/Skeleton3D:forearm_stretch.r", "root/Skeleton3D:forearm_twist.l", "root/Skeleton3D:forearm_twist.r", "root/Skeleton3D:hand.l", "root/Skeleton3D:hand.r", "root/Skeleton3D:head.x", "root/Skeleton3D:neck.x", "root/Skeleton3D:root.x", "root/Skeleton3D:shoulder.l", "root/Skeleton3D:shoulder.r", "root/Skeleton3D:spine_01.x"]
fadein_time = 0.2
fadeout_time = 0.1

[sub_resource type="AnimationNodeAnimation" id="AnimationNodeAnimation_pbvo2"]
animation = &"Monstr_walk"
play_mode = 1

[sub_resource type="AnimationNodeAnimation" id="AnimationNodeAnimation_5ltra"]
animation = &"Monstr_attack_idle"

[sub_resource type="AnimationNodeAnimation" id="AnimationNodeAnimation_t287r"]
animation = &"Monstr_walk"

[sub_resource type="AnimationNodeAnimation" id="AnimationNodeAnimation_tqj2o"]
animation = &"Monstr_run"

[sub_resource type="AnimationNodeBlendSpace1D" id="AnimationNodeBlendSpace1D_21xsh"]
blend_point_0/node = SubResource("AnimationNodeAnimation_pbvo2")
blend_point_0/pos = -1.0
blend_point_1/node = SubResource("AnimationNodeAnimation_5ltra")
blend_point_1/pos = 0.0
blend_point_2/node = SubResource("AnimationNodeAnimation_t287r")
blend_point_2/pos = 1.0
blend_point_3/node = SubResource("AnimationNodeAnimation_tqj2o")
blend_point_3/pos = 2.0
max_space = 2.0

[sub_resource type="AnimationNodeAnimation" id="AnimationNodeAnimation_6ak4d"]
animation = &"Monstr_death"
use_custom_timeline = true
timeline_length = 1.0
stretch_time_scale = true
start_offset = 0.0
loop_mode = 0

[sub_resource type="AnimationNodeOneShot" id="AnimationNodeOneShot_nkaw1"]
filter_enabled = true
filters = ["root/Skeleton3D:c_traj", "root/Skeleton3D:head.x", "root/Skeleton3D:neck.x", "root/Skeleton3D:root.x", "root/Skeleton3D:shoulder.l", "root/Skeleton3D:shoulder.r", "root/Skeleton3D:spine_01.x"]
fadein_time = 0.01
fadeout_time = 0.01

[sub_resource type="AnimationNodeAnimation" id="AnimationNodeAnimation_6fcqh"]
animation = &"Monstr_knockdown"
use_custom_timeline = true
timeline_length = 0.3
stretch_time_scale = true
start_offset = 0.0
loop_mode = 0

[sub_resource type="AnimationNodeOneShot" id="AnimationNodeOneShot_dec5i"]
filters = ["root/Skeleton3D:arm_stretch.l", "root/Skeleton3D:arm_stretch.r", "root/Skeleton3D:arm_twist.l", "root/Skeleton3D:arm_twist.r", "root/Skeleton3D:forearm_stretch.l", "root/Skeleton3D:forearm_stretch.r", "root/Skeleton3D:forearm_twist.l", "root/Skeleton3D:forearm_twist.r", "root/Skeleton3D:hand.l", "root/Skeleton3D:hand.r", "root/Skeleton3D:head.x", "root/Skeleton3D:neck.x", "root/Skeleton3D:root.x", "root/Skeleton3D:shoulder.l", "root/Skeleton3D:shoulder.r", "root/Skeleton3D:spine_01.x"]
fadein_time = 0.1
fadeout_time = 0.1

[sub_resource type="AnimationNodeAnimation" id="AnimationNodeAnimation_21xsh"]
animation = &"Monstr_idle"
advance_on_start = true

[sub_resource type="AnimationNodeAnimation" id="AnimationNodeAnimation_rag6w"]
animation = &"Monstr_walk"

[sub_resource type="AnimationNodeAnimation" id="AnimationNodeAnimation_ftsks"]
animation = &"Monstr_run"

[sub_resource type="AnimationNodeAnimation" id="AnimationNodeAnimation_712qu"]
animation = &"Monstr_walk"
play_mode = 1

[sub_resource type="AnimationNodeBlendSpace1D" id="AnimationNodeBlendSpace1D_2k7wq"]
blend_point_0/node = SubResource("AnimationNodeAnimation_21xsh")
blend_point_0/pos = 0.0
blend_point_1/node = SubResource("AnimationNodeAnimation_rag6w")
blend_point_1/pos = 1.0
blend_point_2/node = SubResource("AnimationNodeAnimation_ftsks")
blend_point_2/pos = 2.0
blend_point_3/node = SubResource("AnimationNodeAnimation_712qu")
blend_point_3/pos = -1.0
max_space = 2.0

[sub_resource type="AnimationNodeTransition" id="AnimationNodeTransition_pbvo2"]
xfade_time = 0.2
input_0/name = "normal"
input_0/auto_advance = false
input_0/break_loop_at_end = false
input_0/reset = true
input_1/name = "strafe"
input_1/auto_advance = false
input_1/break_loop_at_end = false
input_1/reset = true
input_2/name = "chase"
input_2/auto_advance = false
input_2/break_loop_at_end = false
input_2/reset = true

[sub_resource type="AnimationNodeTransition" id="AnimationNodeTransition_5ltra"]
xfade_time = 0.2
input_0/name = "alive"
input_0/auto_advance = false
input_0/break_loop_at_end = false
input_0/reset = true
input_1/name = "dead"
input_1/auto_advance = false
input_1/break_loop_at_end = false
input_1/reset = true
input_2/name = "angry"
input_2/auto_advance = false
input_2/break_loop_at_end = false
input_2/reset = true

[sub_resource type="AnimationNodeAnimation" id="AnimationNodeAnimation_lmmiu"]
animation = &"Monstr_walk_strafe_l"

[sub_resource type="AnimationNodeAnimation" id="AnimationNodeAnimation_vkm0h"]
animation = &"Monstr_walk_strafe_r"

[sub_resource type="AnimationNodeAnimation" id="AnimationNodeAnimation_0j0it"]
animation = &"Monstr_attack_idle"

[sub_resource type="AnimationNodeBlendSpace1D" id="AnimationNodeBlendSpace1D_llg7d"]
blend_point_0/node = SubResource("AnimationNodeAnimation_lmmiu")
blend_point_0/pos = -1.0
blend_point_1/node = SubResource("AnimationNodeAnimation_vkm0h")
blend_point_1/pos = 1.0
blend_point_2/node = SubResource("AnimationNodeAnimation_0j0it")
blend_point_2/pos = 0.0

[sub_resource type="AnimationNodeBlendTree" id="AnimationNodeBlendTree_21xsh"]
graph_offset = Vector2(-174.30302, -561.0378)
nodes/output/position = Vector2(1216, 176)
nodes/locomotion_blend/node = SubResource("AnimationNodeBlendSpace1D_2k7wq")
nodes/locomotion_blend/position = Vector2(144, -624)
nodes/strafe_blend/node = SubResource("AnimationNodeBlendSpace1D_llg7d")
nodes/strafe_blend/position = Vector2(144, -464)
nodes/move_mode/node = SubResource("AnimationNodeTransition_pbvo2")
nodes/move_mode/position = Vector2(336, -416)
nodes/state/node = SubResource("AnimationNodeTransition_5ltra")
nodes/state/position = Vector2(1056, 128)
nodes/dead/node = SubResource("AnimationNodeAnimation_6ak4d")
nodes/dead/position = Vector2(864, 192)
nodes/angry/node = SubResource("AnimationNodeAnimation_dec5i")
nodes/angry/position = Vector2(704, 384)
nodes/TimeSeek/node = SubResource("AnimationNodeTimeSeek_6fcqh")
nodes/TimeSeek/position = Vector2(896, 368)
nodes/attack_oneshot/node = SubResource("AnimationNodeOneShot_712qu")
nodes/attack_oneshot/position = Vector2(496, -224)
nodes/hit_oneshot/node = SubResource("AnimationNodeOneShot_nkaw1")
nodes/hit_oneshot/position = Vector2(672, -160)
nodes/attack_idx/node = SubResource("AnimationNodeTransition_0j0it")
nodes/attack_idx/position = Vector2(336, -160)
nodes/Attack1/node = SubResource("AnimationNodeAnimation_2k7wq")
nodes/Attack1/position = Vector2(144, -128)
nodes/Attack2/node = SubResource("AnimationNodeAnimation_llg7d")
nodes/Attack2/position = Vector2(144, 32)
nodes/Hit/node = SubResource("AnimationNodeAnimation_nkaw1")
nodes/Hit/position = Vector2(464, 80)
nodes/knockdown_oneshot/node = SubResource("AnimationNodeOneShot_dec5i")
nodes/knockdown_oneshot/position = Vector2(848, -80)
nodes/knockdown/node = SubResource("AnimationNodeAnimation_6fcqh")
nodes/knockdown/position = Vector2(624, 112)
nodes/chase_blend/node = SubResource("AnimationNodeBlendSpace1D_21xsh")
nodes/chase_blend/position = Vector2(144, -304)
node_connections = [&"output", 0, &"state", &"move_mode", 0, &"locomotion_blend", &"move_mode", 1, &"strafe_blend", &"move_mode", 2, &"chase_blend", &"state", 0, &"knockdown_oneshot", &"state", 1, &"dead", &"state", 2, &"TimeSeek", &"TimeSeek", 0, &"angry", &"attack_oneshot", 0, &"move_mode", &"attack_oneshot", 1, &"attack_idx", &"hit_oneshot", 0, &"attack_oneshot", &"hit_oneshot", 1, &"Hit", &"attack_idx", 0, &"Attack1", &"attack_idx", 1, &"Attack2", &"knockdown_oneshot", 0, &"hit_oneshot", &"knockdown_oneshot", 1, &"knockdown"]

[sub_resource type="BoxShape3D" id="BoxShape3D_msovg"]
size = Vector3(2.2810059, 1.4276657, 2.4621277)

[sub_resource type="CapsuleShape3D" id="CapsuleShape3D_lw7nh"]

[sub_resource type="ShaderMaterial" id="ShaderMaterial_rag6w"]
render_priority = 0
shader = ExtResource("25_21xsh")

[sub_resource type="SphereMesh" id="SphereMesh_wy1il"]

[node name="Enemy" type="CharacterBody3D" groups=["enemies"]]
collision_layer = 4
collision_mask = 79
collision_priority = 0.6
script = ExtResource("1_ksmh7")
show_debug_label = false
help_radius = 8.0
retreat_speed = 1.5
attack_rotation_speed = 5.0

[node name="VisibleOnScreenEnabler3D" type="VisibleOnScreenEnabler3D" parent="."]
aabb = AABB(-1.1216646, -0.35939515, -0.92085975, 2.2433293, 2.5300696, 1.8417195)
enable_mode = 1
enable_node_path = NodePath("../Monstr/AnimationTree")

[node name="AlertIndicator" parent="." instance=ExtResource("2_lmmiu")]
transform = Transform3D(1, 0, 0, 0, 1, 0, 0, 0, 1, 0, 2.6, 0)
aggro_color = Color(1, 1, 0, 0.78431374)
attack_color = Color(1, 0, 0, 0.78431374)

[node name="HealthBar3D" parent="." instance=ExtResource("2_twyc1")]
transform = Transform3D(1, 0, 0, 0, 1, 0, 0, 0, 1, 0, 2.175171, 0)
script = ExtResource("3_2ggct")
fade_delay = 5.0

[node name="Components" type="Node" parent="."]

[node name="HealthComponent" parent="Components" instance=ExtResource("2_wqcwe")]
max_health = 8.0

[node name="AnimationController" type="Node" parent="Components" node_paths=PackedStringArray("anim_tree")]
script = ExtResource("5_ftsks")
anim_tree = NodePath("../../Monstr/AnimationTree")

[node name="CombatComponent" type="Node" parent="Components" node_paths=PackedStringArray("punch_hand_r", "punch_hand_l", "attack_area")]
script = ExtResource("5_2k7wq")
faction = 1
self_recoil_strength = 2.5
primary_attack_speed = 1.0
attack_cooldown = 1.5
combo_window_time = 0.5
combo_cooldown_after_combo = 0.01
attack_roll_cancel_threshold = 0.5
kb_strength_normal = 5.0
kb_height_normal = 8.0
hs_prop_time_scale = 0.5
hs_prop_duration = 0.01
hs_normal_time_scale = 0.4
hs_normal_duration = 0.01
hs_finisher_time_scale = 0.3
hs_finisher_duration = 0.01
punch_hand_r = NodePath("../../Monstr/HitboxesContainer/punch_hand_r")
punch_hand_l = NodePath("../../Monstr/HitboxesContainer/punch_hand_l")
attack_area = NodePath("../../Monstr/PunchArea")

[node name="MovementComponent" type="Node" parent="Components"]
script = ExtResource("6_2k7wq")
rotation_speed = 5.0
push_force = 80.0
roll_push_multiplier = 1.5
jump_height = 1.45
jump_time_to_peak = 0.3
jump_time_to_descent = 0.25
second_jump_multiplier = 1.4

[node name="EnemyAttackComponent" type="Node" parent="Components"]
script = ExtResource("8_sb13e")
tactical_retreat_distance = 3.0
retreat_interrupt_range = 0.8

[node name="VisionComponent" type="Node3D" parent="Components"]
script = ExtResource("7_56i32")
sight_range = 6.0
lost_sight_range = 8.0
proximity_detection_range = 2.5
scan_interval = 0.5

[node name="StateMachine" type="Node" parent="." node_paths=PackedStringArray("initial_state")]
script = ExtResource("9_3udgd")
initial_state = NodePath("Idle")

[node name="Idle" type="Node" parent="StateMachine"]
script = ExtResource("10_xmuku")

[node name="Patrol" type="Node" parent="StateMachine"]
script = ExtResource("11_2ggct")

[node name="Chase" type="Node" parent="StateMachine"]
script = ExtResource("12_wy1il")

[node name="Attack" type="Node" parent="StateMachine"]
script = ExtResource("13_53k0f")
warning_lead_time = 0.6

[node name="Frustrated" type="Node" parent="StateMachine"]
script = ExtResource("14_u01qb")

[node name="Dead" type="Node" parent="StateMachine"]
script = ExtResource("15_4teby")

[node name="Flee" type="Node" parent="StateMachine"]
script = ExtResource("17_wy1il")
flee_speed = 1.0

[node name="CombatStance" type="Node" parent="StateMachine"]
script = ExtResource("17_53k0f")

[node name="HitFlash" parent="." instance=ExtResource("4_msovg")]
mesh_path = NodePath("../Monstr/root/Skeleton3D/Monstr")
flash_time = 0.2

[node name="NavigationAgent3D" type="NavigationAgent3D" parent="."]
path_desired_distance = 0.75
avoidance_enabled = true
neighbor_distance = 10.0
max_neighbors = 5
time_horizon_agents = 0.5
time_horizon_obstacles = 1.0
max_speed = 20.0

[node name="Monstr" parent="." instance=ExtResource("3_5lf1o")]

[node name="punch_hand_r" parent="Monstr/HitboxesContainer" index="0"]
transform = Transform3D(-0.16463052, -0.10473136, -0.98077935, -0.21952163, -0.96537846, 0.13996482, -0.96161604, 0.23831062, 0.1359592, -0.71588624, 0.570799, 0.094200775)

[node name="punch_hand_l" parent="Monstr/HitboxesContainer" index="1"]
transform = Transform3D(-0.16616729, 0.111430965, 0.9797799, 0.21839175, -0.96455175, 0.14678584, 0.96160096, 0.23831783, 0.13597196, 0.7366442, 0.5384041, 0.10726593)

[node name="Skeleton3D" parent="Monstr/root" index="0"]
bones/0/rotation = Quaternion(4.86768e-08, 8.742278e-08, 3.3001185e-15, 1)
bones/1/position = Vector3(1.1223274e-10, 0.41153052, -0.004870114)
bones/1/rotation = Quaternion(0.042217515, -2.1071057e-06, -8.685672e-08, 0.9991085)
bones/2/position = Vector3(-0.024380114, 0.24354286, -0.023834642)
bones/2/rotation = Quaternion(-0.037905272, -0.008891258, -0.0013770505, 0.9992409)
bones/2/scale = Vector3(0.99999994, 0.9999999, 0.9999999)
bones/3/rotation = Quaternion(0.23842315, 3.128357e-06, 4.6795194e-06, 0.9711614)
bones/4/position = Vector3(-7.912331e-09, 0.06338386, -2.648917e-07)
bones/4/rotation = Quaternion(-0.25155786, -4.063261e-06, -4.8411057e-06, 0.96784234)
bones/4/scale = Vector3(1, 1.0000001, 1)
bones/5/position = Vector3(-0.12985575, 0.47531104, -0.03137876)
bones/5/rotation = Quaternion(-0.5774063, 0.43477127, 0.5075222, 0.4690387)
bones/6/rotation = Quaternion(-0.55745786, 0.13608801, -0.09271237, 0.8137108)
bones/6/scale = Vector3(0.99999994, 0.99999946, 0.9999999)
bones/7/rotation = Quaternion(1.3595812e-07, -0.15884793, -1.4521629e-08, 0.98730314)
bones/7/scale = Vector3(0.99999994, 1.0000005, 0.99999994)
bones/8/rotation = Quaternion(1.1841018e-07, -1.2705601e-07, 0.5063794, 0.8623109)
bones/8/scale = Vector3(1, 0.99999964, 1)
bones/9/rotation = Quaternion(8.999097e-08, -0.32037985, -3.3541177e-08, 0.9472892)
bones/10/rotation = Quaternion(-0.19736788, -0.21681124, -0.38187435, 0.87647635)
bones/10/scale = Vector3(0.9999991, 0.9999994, 0.9999994)
bones/11/position = Vector3(0.12819621, 0.47652745, -0.023932528)
bones/11/rotation = Quaternion(0.31418458, 0.56464267, 0.674967, -0.35621116)
bones/12/rotation = Quaternion(-0.40365025, -0.33705544, 0.34689754, 0.7766095)
bones/12/scale = Vector3(1.0000001, 0.99999946, 1.0000002)
bones/13/rotation = Quaternion(-1.3039771e-07, 0.49747324, -1.2692051e-07, 0.86747944)
bones/13/scale = Vector3(0.9999998, 1.0000007, 1.0000001)
bones/14/rotation = Quaternion(-1.9673326e-08, -6.355811e-08, -0.0017998964, 0.99999845)
bones/14/scale = Vector3(1, 1.0000004, 0.99999994)
bones/15/rotation = Quaternion(-8.2101856e-08, 0.1907605, -6.2348757e-09, 0.98163664)
bones/16/rotation = Quaternion(-0.21849604, 0.23297745, -0.15387386, 0.9350422)
bones/16/scale = Vector3(0.99999887, 0.9999992, 0.9999993)
bones/17/rotation = Quaternion(0.72823066, 0.43461934, 0.50124586, 0.17186892)
bones/17/scale = Vector3(0.99999994, 1.0000001, 0.9999997)
bones/18/rotation = Quaternion(-5.5559678e-08, 0.14896038, 1.4625105e-07, 0.98884326)
bones/19/rotation = Quaternion(-1.0591986e-08, 2.788881e-08, 0.4156629, 0.9095188)
bones/19/scale = Vector3(0.99999964, 0.9999998, 0.99999976)
bones/20/rotation = Quaternion(0.13090456, 0.6930605, -0.3193472, 0.6328891)
bones/20/scale = Vector3(1.0000004, 1.0000002, 1.0000001)
bones/21/rotation = Quaternion(-4.918134e-07, 0.91525155, 0.4028828, -5.757998e-07)
bones/22/rotation = Quaternion(-1.3087424e-07, 0.09027686, 1.1504877e-07, 0.9959167)
bones/23/rotation = Quaternion(0.71678674, -0.2594078, -0.635585, -0.12229492)
bones/23/scale = Vector3(0.99999994, 0.9999999, 0.9999997)
bones/24/rotation = Quaternion(-1.0751951e-07, -0.026552223, -1.0901284e-08, 0.9996475)
bones/25/rotation = Quaternion(-1.1823166e-07, -6.568246e-08, -0.37399295, 0.9274315)
bones/25/scale = Vector3(0.99999994, 1.0000001, 0.9999997)
bones/26/rotation = Quaternion(0.20184974, -0.49057087, 0.57657886, 0.6214127)
bones/26/scale = Vector3(1.0000002, 1, 1)
bones/27/rotation = Quaternion(3.8668566e-07, 0.91525155, 0.40288314, 4.4961544e-07)
bones/28/rotation = Quaternion(-1.1906858e-07, -0.01965372, 5.7586345e-08, 0.9998069)

[node name="Monstr" parent="Monstr/root/Skeleton3D" index="0"]
layers = 2

[node name="hand_r" parent="Monstr/root/Skeleton3D" index="1"]
transform = Transform3D(-0.16463041, -0.10474606, -0.980777, -0.21952148, -0.965514, 0.13996449, -0.9616154, 0.23834407, 0.13595888, -0.71588624, 0.570799, 0.094200775)

[node name="hand_l" parent="Monstr/root/Skeleton3D" index="2"]
transform = Transform3D(-0.16616848, 0.111454666, 0.97977775, 0.21839331, -0.96475697, 0.14678553, 0.9616078, 0.23836853, 0.13597167, 0.7366442, 0.5384041, 0.10726593)

[node name="Physical Bone root_x" parent="Monstr/root/Skeleton3D/PhysicalBoneSimulator3D" index="0"]
transform = Transform3D(1, -4.043678e-06, -1.0398892e-08, -3.5148588e-07, -0.084359854, -0.99643534, 4.0283862e-06, 0.9964354, -0.08435985, -3.8140959e-06, 0.55089086, 0.0069794543)
joint_offset = Transform3D(1, 0, 0, 0, 1, 0, 0, 0, 1, 3.8146052e-06, -5.0872557e-05, 0.13986318)
body_offset = Transform3D(1, -1.1277734e-10, -3.9790393e-12, -3.9790393e-12, -7.450581e-09, -1.0000001, 1.12322596e-10, 1.0000001, 0, -3.8146047e-06, 0.1398632, 5.0872564e-05)

[node name="Physical Bone spine_01_x" parent="Monstr/root/Skeleton3D/PhysicalBoneSimulator3D" index="1"]
transform = Transform3D(0.9998381, -0.017669082, -0.00342543, -0.0035786955, -0.008649887, -0.99995625, 0.01763868, 0.99980646, -0.008711718, -0.023534507, 0.90068287, -0.005957911)
joint_offset = Transform3D(1, 0, 0, 0, 1, 0, 0, 0, 1, -7.834567e-06, 1.3259524e-05, 0.24447748)
body_offset = Transform3D(1.0000001, -2.4586916e-07, 8.789357e-09, 8.003553e-09, -5.3169206e-05, -1.0000004, 2.4959445e-07, 1.0000004, -5.3154305e-05, 7.832423e-06, 0.24447757, -2.644956e-07)

[node name="Physical Bone neck_x" parent="Monstr/root/Skeleton3D/PhysicalBoneSimulator3D" index="2"]
transform = Transform3D(0.99983853, -0.017235717, 0.005101362, -0.0036207756, -0.4711107, -0.88206667, 0.01760636, 0.8819056, -0.47109702, -0.022878652, 1.170143, 0.01110399)
joint_offset = Transform3D(1, 0, 0, 0, 1, 0, 0, 0, 1, 1.453596e-06, 3.0001373e-05, 0.03183696)
body_offset = Transform3D(1.0000002, 1.6018748e-07, -5.9816055e-05, -5.9815124e-05, -0.000472337, -1.0000004, -1.8347055e-07, 1.0000005, -0.0004724264, 4.5076013e-07, 0.031836987, -1.4960766e-05)

[node name="Physical Bone shoulder_r" parent="Monstr/root/Skeleton3D/PhysicalBoneSimulator3D" index="3"]
transform = Transform3D(0.124537, -0.17421441, 0.97680086, -0.017767426, 0.98391557, 0.17774858, -0.99205595, -0.03949151, 0.11943854, -0.34223357, 1.0975355, -0.06093453)
joint_offset = Transform3D(1, 0, 0, 0, 1, 0, 0, 0, 1, -5.6545807e-05, 9.0574424e-05, 0.19474255)
body_offset = Transform3D(1.0000004, -1.6018748e-07, -0.00029824674, -0.0002982095, 0.00016353559, -0.99999994, 2.5331974e-07, 1.0000004, 0.00016356725, 0.00011462718, 0.1947425, -0.00012242794)

[node name="Physical Bone arm_stretch_r" parent="Monstr/root/Skeleton3D/PhysicalBoneSimulator3D" index="4"]
transform = Transform3D(0.43381912, -0.19034897, -0.8806635, -0.07962226, -0.9817042, 0.17296585, -0.8974749, -0.004915479, -0.44103807, -0.52968895, 1.0635738, -0.08366229)
joint_offset = Transform3D(1, 0, 0, 0, 1, 0, 0, 0, 1, 7.678745e-06, 1.2225048e-06, 4.744771e-05)
body_offset = Transform3D(1.0000004, -0.00026249466, 0.00022283196, 0.00026237965, 1.0000006, 0.000572782, -0.00022274256, -0.00057283905, 1, -7.688999e-06, -1.2516975e-06, -4.7445297e-05)

[node name="Physical Bone forearm_stretch_r" parent="Monstr/root/Skeleton3D/PhysicalBoneSimulator3D" index="5"]
transform = Transform3D(0.04460687, -0.8807736, 0.47143194, -0.89591527, 0.17350937, 0.40893805, -0.4419797, -0.4406045, -0.7813588, -0.63444185, 0.6413994, -0.04067124)
joint_offset = Transform3D(1, 0, 0, 0, 1, 0, 0, 0, 1, -1.4967844e-06, 6.6717985e-07, 0.05786451)
body_offset = Transform3D(1.0000008, -7.44313e-05, 4.23491e-05, 4.2706728e-05, 0.0002529323, -1.000001, 7.4371696e-05, 1.0000001, 0.00025320053, -9.536743e-07, 0.05786457, -1.5318394e-05)

[node name="Physical Bone shoulder_l" parent="Monstr/root/Skeleton3D/PhysicalBoneSimulator3D" index="6"]
transform = Transform3D(-0.5677507, 0.021495441, -0.82291985, -0.13121647, 0.9845148, 0.116245605, 0.8126754, 0.17397918, -0.55613834, 0.2665475, 1.1098837, 0.08139306)
joint_offset = Transform3D(1, 0, 0, 0, 1, 0, 0, 0, 1, 0.0013088317, 0.00016472745, 0.19437723)
body_offset = Transform3D(0.9999885, 0.00059454143, -0.004840821, -0.0048402846, -0.0005991757, -0.9999882, -0.00059740245, 0.99999994, -0.00059628487, -0.00036796927, 0.19438139, -4.8041344e-05)

[node name="Physical Bone arm_stretch_l" parent="Monstr/root/Skeleton3D/PhysicalBoneSimulator3D" index="7"]
transform = Transform3D(0.37483272, 0.4893768, 0.78740764, 0.07556584, -0.8626315, 0.5001568, 0.9240077, -0.12797402, -0.36032268, 0.42507887, 1.0875425, 0.1878465)
joint_offset = Transform3D(1, 0, 0, 0, 1, 0, 0, 0, 1, 0, 0, 0)
body_offset = Transform3D(1, -2.9280782e-06, 0.00019541383, 2.8163195e-06, 1.0000006, -0.0004579872, -0.00019574165, 0.00045792013, 0.99999976, 0, 0, 0)

[node name="Physical Bone forearm_stretch_l" parent="Monstr/root/Skeleton3D/PhysicalBoneSimulator3D" index="8"]
transform = Transform3D(0.37304997, 0.78779685, -0.4901121, 0.0786311, 0.49950048, 0.8627378, 0.9244733, -0.36038238, 0.12439331, 0.65197885, 0.6873391, 0.12876646)
joint_offset = Transform3D(1, 0, 0, 0, 1, 0, 0, 0, 1, -9.319827e-06, -1.6341639e-05, 0.05785287)
body_offset = Transform3D(0.99999994, 0.00023561716, 2.6710331e-05, 2.6412308e-05, 0.00030709803, -1.0000004, -0.00023588538, 0.9999999, 0.00030715764, 7.778406e-06, 0.057852894, -1.4305115e-06)

[node name="Physical Bone thigh_stretch_l" parent="Monstr/root/Skeleton3D/PhysicalBoneSimulator3D" index="9"]
transform = Transform3D(0.12002637, 0.46005312, 0.8797413, 0.7532153, -0.61947125, 0.22118318, 0.6467305, 0.6360868, -0.42087197, 0.20555949, 0.38924852, -0.01524605)
joint_offset = Transform3D(0.999999, 0, 0, 0, 1, 0, 0, 0, 0.999999, 1.6926222e-05, -2.2341843e-07, -1.0641809e-05)
body_offset = Transform3D(1, -0.00042435527, -0.00013169646, 0.0004246533, 0.9999995, 0.00068473816, 0.00013160706, -0.00068464875, 1, -1.692772e-05, 2.2351742e-07, 1.0639429e-05)

[node name="Physical Bone leg_stretch_l" parent="Monstr/root/Skeleton3D/PhysicalBoneSimulator3D" index="10"]
transform = Transform3D(0.42713782, 0.87922364, -0.21099557, 0.025226753, 0.2216751, 0.9747942, 0.9038346, -0.42169422, 0.07250586, 0.30707252, 0.19960442, 0.09689947)
joint_offset = Transform3D(1, 0, 0, 0, 1, 0, 0, 0, 1, 5.882684e-06, -3.4090529e-06, 0.07703433)
body_offset = Transform3D(1.0000002, -0.00052043796, -4.8339367e-05, -4.8585236e-05, 1.8656254e-05, -1.0000001, 0.0005206764, 1.0000002, 1.8680468e-05, -2.1606684e-06, 0.07703434, 1.9669533e-06)

[node name="Physical Bone foot_l" parent="Monstr/root/Skeleton3D/PhysicalBoneSimulator3D" index="11"]
transform = Transform3D(-0.96223426, 0.21509434, -0.16685238, 0.00018614059, 0.6134454, 0.78973716, 0.2722228, 0.7598811, -0.59031826, 0.33471414, 0.07137589, 0.13164002)
joint_offset = Transform3D(1, 0, 0, 0, 1, 0, 0, 0, 1, 0.00012397037, -0.00013419258, 0.06812521)
body_offset = Transform3D(1.0000001, -0.00024078786, -4.848838e-05, -4.826486e-05, 0.0007390082, -0.99999964, 0.00024047494, 1.0000001, 0.00073876977, -0.000120699406, 0.06812529, 8.383393e-05)

[node name="Physical Bone thigh_stretch_r" parent="Monstr/root/Skeleton3D/PhysicalBoneSimulator3D" index="12"]
transform = Transform3D(0.0573436, -0.52805555, -0.84727156, -0.13351323, -0.845101, 0.5176665, -0.9893867, 0.08343711, -0.118963525, -0.2055408, 0.38926616, -0.015236172)
joint_offset = Transform3D(0.999999, 0, 0, 0, 1, 0, 0, 0, 0.999999, -1.7525141e-06, 1.18215985e-05, 5.652684e-06)
body_offset = Transform3D(1, -0.00014104694, -7.612258e-05, 0.00014093518, 0.9999999, -0.0008366378, 7.6167285e-05, 0.0008366462, 1, 1.7546117e-06, -1.1816621e-05, -5.6624413e-06)

[node name="Physical Bone leg_stretch_r" parent="Monstr/root/Skeleton3D/PhysicalBoneSimulator3D" index="13"]
transform = Transform3D(0.4083573, -0.84718436, 0.33988675, 0.49034977, 0.51765066, 0.70113826, -0.7699359, -0.11965151, 0.62680316, -0.32939363, 0.1787844, -0.04804832)
joint_offset = Transform3D(1, 0, 0, 0, 1, 0, 0, 0, 1, 3.851664e-05, -6.201897e-05, 0.07701191)
body_offset = Transform3D(0.9999995, 0.0010837615, -0.00064489245, -0.00064465404, -0.00024332106, -0.99999976, -0.0010838658, 0.99999994, -0.00024247915, 1.1214986e-05, 0.0770119, 8.073449e-05)

[node name="Physical Bone foot_r" parent="Monstr/root/Skeleton3D/PhysicalBoneSimulator3D" index="14"]
transform = Transform3D(-0.9502015, -0.24569322, 0.19170801, 0.0004373847, 0.61411405, 0.7892172, -0.3116359, 0.74999917, -0.5834246, -0.3682891, 0.07127758, -0.056211833)
joint_offset = Transform3D(1, 0, 0, 0, 1, 0, 0, 0, 1, 7.439637e-05, 8.7149165e-05, 0.068123326)
body_offset = Transform3D(0.99999976, -0.0008460432, 0.00010462105, 0.00010441244, -0.00010970235, -1.0000002, 0.00084653497, 0.99999976, -0.000109523535, -8.144975e-05, 0.06812334, -7.9751015e-05)

[node name="AnimationPlayer" parent="Monstr" index="2"]
autoplay = "Monstr_idle"
playback_default_blend_time = 0.2
blend_times = [&"Monstr_idle", &"Monstr_angry", 0.2, &"Monstr_idle", &"Monstr_attack_1", 0.2, &"Monstr_idle", &"Monstr_attack_idle", 0.2, &"Monstr_idle", &"Monstr_idle", 0.2, &"Monstr_idle", &"Monstr_knockdown", 0.2, &"Monstr_idle", &"Monstr_walk", 0.2]

[node name="AnimationTree" type="AnimationTree" parent="Monstr"]
tree_root = SubResource("AnimationNodeBlendTree_21xsh")
anim_player = NodePath("../AnimationPlayer")
parameters/locomotion_blend/blend_position = 0.0
parameters/strafe_blend/blend_position = 0.0
parameters/move_mode/current_state = "chase"
parameters/move_mode/transition_request = ""
parameters/move_mode/current_index = 2
parameters/state/current_state = "alive"
parameters/state/transition_request = ""
parameters/state/current_index = 0
parameters/TimeSeek/seek_request = -1.0
parameters/attack_oneshot/active = false
parameters/attack_oneshot/internal_active = false
parameters/attack_oneshot/request = 0
parameters/hit_oneshot/active = false
parameters/hit_oneshot/internal_active = false
parameters/hit_oneshot/request = 0
parameters/attack_idx/current_state = "Attack1"
parameters/attack_idx/transition_request = ""
parameters/attack_idx/current_index = 0
parameters/knockdown_oneshot/active = false
parameters/knockdown_oneshot/internal_active = false
parameters/knockdown_oneshot/request = 0
parameters/chase_blend/blend_position = 0.0

[node name="PunchArea" type="Area3D" parent="Monstr"]
collision_layer = 0

[node name="CollisionShape3D" type="CollisionShape3D" parent="Monstr/PunchArea"]
transform = Transform3D(1, 0, 0, 0, 1, 0, 0, 0, 1, 1.4210855e-14, 1.3604743, 1.4440575)
shape = SubResource("BoxShape3D_msovg")

[node name="CollisionShape3D" type="CollisionShape3D" parent="."]
transform = Transform3D(1, 0, 0, 0, 1, 0, 0, 0, 1, 0, 1, 0)
shape = SubResource("CapsuleShape3D_lw7nh")

[node name="AttackTimer" type="Timer" parent="."]

[node name="SoundBank" type="Node3D" parent="."]

[node name="SfxHurtVoice" type="AudioStreamPlayer3D" parent="SoundBank"]
volume_db = -5.0
max_distance = 15.0
bus = &"SFX"
script = ExtResource("18_4teby")
streams = Array[AudioStream]([ExtResource("19_8edke")])
min_pitch = 1.0
max_pitch = 1.2

[node name="SfxFleshHit" type="AudioStreamPlayer3D" parent="SoundBank"]
volume_db = 80.0
max_db = 6.0
max_distance = 15.0
bus = &"SFX"
script = ExtResource("18_4teby")
streams = Array[AudioStream]([ExtResource("20_ku6gj"), ExtResource("21_8edke"), ExtResource("22_y4tt3"), ExtResource("23_21xsh")])

[node name="SfxDeathImpact" type="AudioStreamPlayer3D" parent="SoundBank"]
volume_db = 10.0
max_db = 6.0
max_distance = 15.0
bus = &"SFX"
script = ExtResource("18_4teby")
streams = Array[AudioStream]([ExtResource("24_y4tt3")])

[node name="GrassCollision" type="MeshInstance3D" parent="."]
transform = Transform3D(1, 0, 0, 0, 1, 0, 0, 0, 1, 0, 0.5, 0)
layers = 65536
material_override = SubResource("ShaderMaterial_rag6w")
mesh = SubResource("SphereMesh_wy1il")

[node name="DebugLabel" type="Label3D" parent="."]
transform = Transform3D(1, 0, 0, 0, 1, 0, 0, 0, 1, 0, 2.680199, 0)
billboard = 1
no_depth_test = true
text = "Debug"
font_size = 22
outline_size = 2

[editable path="Monstr"]
