[gd_scene load_steps=63 format=3 uid="uid://d8g64g8viihh"]

[ext_resource type="Script" uid="uid://ba6qmt80akqib" path="res://entities/enemies/enemy.gd" id="1_ksmh7"]
[ext_resource type="PackedScene" uid="uid://dkh8rsc2pvxl0" path="res://entities/enemies/components/AlertIndicator/alert_indicator.tscn" id="2_lmmiu"]
[ext_resource type="PackedScene" uid="uid://b72gnkqh5atrs" path="res://ui/HealthBar3D/health_bar_3d.tscn" id="2_twyc1"]
[ext_resource type="PackedScene" uid="uid://jwhg4beayert" path="res://ui/health_component/HealthComponent.tscn" id="2_wqcwe"]
[ext_resource type="Script" uid="uid://nqcrxsuj1cdf" path="res://ui/HealthBar3D/enemy_health_bar.gd" id="3_2ggct"]
[ext_resource type="PackedScene" uid="uid://duk5b06ohkpsc" path="res://entities/enemies/monstr.tscn" id="3_5lf1o"]
[ext_resource type="PackedScene" uid="uid://bh7ppnkyaubf7" path="res://vfx/hit_flash/HitFlash.tscn" id="4_msovg"]
[ext_resource type="Script" uid="uid://br8c8ywc11oph" path="res://common/components/combat_component.gd" id="5_2k7wq"]
[ext_resource type="Script" uid="uid://jti4ucm7ho77" path="res://common/components/animation_controller.gd" id="5_ftsks"]
[ext_resource type="Script" uid="uid://cks4om3mks65h" path="res://common/components/movement_component.gd" id="6_2k7wq"]
[ext_resource type="Script" uid="uid://bms48mt88e42c" path="res://entities/enemies/components/vision_component.gd" id="7_56i32"]
[ext_resource type="Script" uid="uid://c55cu0n3gbdfm" path="res://entities/enemies/components/enemy_attack_component.gd" id="8_sb13e"]
[ext_resource type="Script" uid="uid://cbx8244k71rsk" path="res://common/fsm/state_machine.gd" id="9_3udgd"]
[ext_resource type="Script" uid="uid://cxbbb82wp8q2v" path="res://entities/enemies/states/enemy_idle.gd" id="10_xmuku"]
[ext_resource type="Script" uid="uid://cvvgodl7fxgrn" path="res://entities/enemies/states/enemy_patrol.gd" id="11_2ggct"]
[ext_resource type="Script" uid="uid://cbsjg06awuo6g" path="res://entities/enemies/states/enemy_chase.gd" id="12_wy1il"]
[ext_resource type="Script" uid="uid://dirsi2ohsa4hb" path="res://entities/enemies/states/enemy_attack.gd" id="13_53k0f"]
[ext_resource type="Script" uid="uid://c6ccg8dnavfcp" path="res://entities/enemies/states/enemy_frustrated.gd" id="14_u01qb"]
[ext_resource type="Script" uid="uid://bn3bsn15qof6y" path="res://entities/enemies/states/enemy_dead.gd" id="15_4teby"]
[ext_resource type="Script" uid="uid://n1t4ruinfklm" path="res://entities/enemies/states/enemy_combat_stance.gd" id="17_53k0f"]
[ext_resource type="Script" uid="uid://c2im05hged14y" path="res://entities/enemies/states/enemy_flee.gd" id="17_wy1il"]
[ext_resource type="Script" uid="uid://ilu7xai8rnii" path="res://common/utils/random_audio_player_3d.gd" id="18_4teby"]
[ext_resource type="AudioStream" uid="uid://cy6x7q0s5irk7" path="res://assets/audio/mixkit-fantasy-monster-grunt-1977.mp3" id="19_8edke"]
[ext_resource type="AudioStream" uid="uid://bdgv843qcydoo" path="res://assets/audio/mixkit-soft-quick-punch-2151.mp3" id="20_ku6gj"]
[ext_resource type="AudioStream" uid="uid://b0r7fs2xvvu45" path="res://assets/audio/mixkit-strong-punches-to-the-body-2198-3.mp3" id="21_8edke"]
[ext_resource type="AudioStream" uid="uid://dctdgj0rwbvj5" path="res://assets/audio/mixkit-strong-punches-to-the-body-2198-2.mp3" id="22_y4tt3"]
[ext_resource type="AudioStream" uid="uid://brbtr34dd38x8" path="res://assets/audio/mixkit-strong-punches-to-the-body-2198-1.mp3" id="23_21xsh"]
[ext_resource type="AudioStream" uid="uid://q382v6423pvu" path="res://assets/audio/mixkit-impact-of-a-strong-punch-2155.mp3" id="24_y4tt3"]
[ext_resource type="Shader" uid="uid://bxxg6h5x5fm3t" path="res://assets/shaders/GrassCollisionSphere.gdshader" id="25_21xsh"]

[sub_resource type="AnimationNodeAnimation" id="AnimationNodeAnimation_2k7wq"]
animation = &"Monstr_attack_1"

[sub_resource type="AnimationNodeAnimation" id="AnimationNodeAnimation_llg7d"]
animation = &"Monstr_attack_2"

[sub_resource type="AnimationNodeTimeScale" id="AnimationNodeTimeScale_lmmiu"]

[sub_resource type="AnimationNodeAnimation" id="AnimationNodeAnimation_nkaw1"]
animation = &"Monstr_hit"

[sub_resource type="AnimationNodeTimeSeek" id="AnimationNodeTimeSeek_6fcqh"]

[sub_resource type="AnimationNodeAnimation" id="AnimationNodeAnimation_dec5i"]
animation = &"Monstr_angry"

[sub_resource type="AnimationNodeTransition" id="AnimationNodeTransition_0j0it"]
xfade_time = 0.2
input_0/name = "Attack1"
input_0/auto_advance = false
input_0/break_loop_at_end = false
input_0/reset = true
input_1/name = "Attack2"
input_1/auto_advance = false
input_1/break_loop_at_end = false
input_1/reset = true

[sub_resource type="AnimationNodeOneShot" id="AnimationNodeOneShot_712qu"]
filters = ["..", "root/Skeleton3D:arm_stretch.l", "root/Skeleton3D:arm_stretch.r", "root/Skeleton3D:arm_twist.l", "root/Skeleton3D:arm_twist.r", "root/Skeleton3D:forearm_stretch.l", "root/Skeleton3D:forearm_stretch.r", "root/Skeleton3D:forearm_twist.l", "root/Skeleton3D:forearm_twist.r", "root/Skeleton3D:hand.l", "root/Skeleton3D:hand.r", "root/Skeleton3D:head.x", "root/Skeleton3D:neck.x", "root/Skeleton3D:root.x", "root/Skeleton3D:shoulder.l", "root/Skeleton3D:shoulder.r", "root/Skeleton3D:spine_01.x"]
fadein_time = 0.2
fadeout_time = 0.1

[sub_resource type="AnimationNodeAnimation" id="AnimationNodeAnimation_pbvo2"]
animation = &"Monstr_walk"
play_mode = 1

[sub_resource type="AnimationNodeAnimation" id="AnimationNodeAnimation_5ltra"]
animation = &"Monstr_attack_idle"

[sub_resource type="AnimationNodeAnimation" id="AnimationNodeAnimation_t287r"]
animation = &"Monstr_walk"

[sub_resource type="AnimationNodeAnimation" id="AnimationNodeAnimation_tqj2o"]
animation = &"Monstr_run"

[sub_resource type="AnimationNodeBlendSpace1D" id="AnimationNodeBlendSpace1D_21xsh"]
blend_point_0/node = SubResource("AnimationNodeAnimation_pbvo2")
blend_point_0/pos = -1.0
blend_point_1/node = SubResource("AnimationNodeAnimation_5ltra")
blend_point_1/pos = 0.0
blend_point_2/node = SubResource("AnimationNodeAnimation_t287r")
blend_point_2/pos = 1.0
blend_point_3/node = SubResource("AnimationNodeAnimation_tqj2o")
blend_point_3/pos = 2.0
max_space = 2.0

[sub_resource type="AnimationNodeAnimation" id="AnimationNodeAnimation_6ak4d"]
animation = &"Monstr_death"
use_custom_timeline = true
timeline_length = 1.0
stretch_time_scale = true
start_offset = 0.0
loop_mode = 0

[sub_resource type="AnimationNodeOneShot" id="AnimationNodeOneShot_nkaw1"]
filter_enabled = true
filters = ["root/Skeleton3D:c_traj", "root/Skeleton3D:head.x", "root/Skeleton3D:neck.x", "root/Skeleton3D:root.x", "root/Skeleton3D:shoulder.l", "root/Skeleton3D:shoulder.r", "root/Skeleton3D:spine_01.x"]
fadein_time = 0.01
fadeout_time = 0.01

[sub_resource type="AnimationNodeAnimation" id="AnimationNodeAnimation_6fcqh"]
animation = &"Monstr_knockdown"
use_custom_timeline = true
timeline_length = 0.3
stretch_time_scale = true
start_offset = 0.0
loop_mode = 0

[sub_resource type="AnimationNodeOneShot" id="AnimationNodeOneShot_dec5i"]
filters = ["root/Skeleton3D:arm_stretch.l", "root/Skeleton3D:arm_stretch.r", "root/Skeleton3D:arm_twist.l", "root/Skeleton3D:arm_twist.r", "root/Skeleton3D:forearm_stretch.l", "root/Skeleton3D:forearm_stretch.r", "root/Skeleton3D:forearm_twist.l", "root/Skeleton3D:forearm_twist.r", "root/Skeleton3D:hand.l", "root/Skeleton3D:hand.r", "root/Skeleton3D:head.x", "root/Skeleton3D:neck.x", "root/Skeleton3D:root.x", "root/Skeleton3D:shoulder.l", "root/Skeleton3D:shoulder.r", "root/Skeleton3D:spine_01.x"]
fadein_time = 0.1
fadeout_time = 0.1

[sub_resource type="AnimationNodeAnimation" id="AnimationNodeAnimation_21xsh"]
animation = &"Monstr_idle"
advance_on_start = true

[sub_resource type="AnimationNodeAnimation" id="AnimationNodeAnimation_rag6w"]
animation = &"Monstr_walk"

[sub_resource type="AnimationNodeAnimation" id="AnimationNodeAnimation_ftsks"]
animation = &"Monstr_run"

[sub_resource type="AnimationNodeAnimation" id="AnimationNodeAnimation_712qu"]
animation = &"Monstr_walk"
play_mode = 1

[sub_resource type="AnimationNodeBlendSpace1D" id="AnimationNodeBlendSpace1D_2k7wq"]
blend_point_0/node = SubResource("AnimationNodeAnimation_21xsh")
blend_point_0/pos = 0.0
blend_point_1/node = SubResource("AnimationNodeAnimation_rag6w")
blend_point_1/pos = 1.0
blend_point_2/node = SubResource("AnimationNodeAnimation_ftsks")
blend_point_2/pos = 2.0
blend_point_3/node = SubResource("AnimationNodeAnimation_712qu")
blend_point_3/pos = -1.0
max_space = 2.0

[sub_resource type="AnimationNodeTransition" id="AnimationNodeTransition_pbvo2"]
xfade_time = 0.2
input_0/name = "normal"
input_0/auto_advance = false
input_0/break_loop_at_end = false
input_0/reset = true
input_1/name = "strafe"
input_1/auto_advance = false
input_1/break_loop_at_end = false
input_1/reset = true
input_2/name = "chase"
input_2/auto_advance = false
input_2/break_loop_at_end = false
input_2/reset = true

[sub_resource type="AnimationNodeTransition" id="AnimationNodeTransition_5ltra"]
xfade_time = 0.2
input_0/name = "alive"
input_0/auto_advance = false
input_0/break_loop_at_end = false
input_0/reset = true
input_1/name = "dead"
input_1/auto_advance = false
input_1/break_loop_at_end = false
input_1/reset = true
input_2/name = "angry"
input_2/auto_advance = false
input_2/break_loop_at_end = false
input_2/reset = true

[sub_resource type="AnimationNodeAnimation" id="AnimationNodeAnimation_lmmiu"]
animation = &"Monstr_walk_strafe_l"

[sub_resource type="AnimationNodeAnimation" id="AnimationNodeAnimation_vkm0h"]
animation = &"Monstr_walk_strafe_r"

[sub_resource type="AnimationNodeAnimation" id="AnimationNodeAnimation_0j0it"]
animation = &"Monstr_attack_idle"

[sub_resource type="AnimationNodeBlendSpace1D" id="AnimationNodeBlendSpace1D_llg7d"]
blend_point_0/node = SubResource("AnimationNodeAnimation_lmmiu")
blend_point_0/pos = -1.0
blend_point_1/node = SubResource("AnimationNodeAnimation_vkm0h")
blend_point_1/pos = 1.0
blend_point_2/node = SubResource("AnimationNodeAnimation_0j0it")
blend_point_2/pos = 0.0

[sub_resource type="AnimationNodeBlendTree" id="AnimationNodeBlendTree_21xsh"]
graph_offset = Vector2(30.584522, -345.70563)
nodes/output/position = Vector2(1376, 192)
nodes/locomotion_blend/node = SubResource("AnimationNodeBlendSpace1D_2k7wq")
nodes/locomotion_blend/position = Vector2(144, -624)
nodes/strafe_blend/node = SubResource("AnimationNodeBlendSpace1D_llg7d")
nodes/strafe_blend/position = Vector2(144, -464)
nodes/move_mode/node = SubResource("AnimationNodeTransition_pbvo2")
nodes/move_mode/position = Vector2(336, -416)
nodes/state/node = SubResource("AnimationNodeTransition_5ltra")
nodes/state/position = Vector2(1216, 144)
nodes/dead/node = SubResource("AnimationNodeAnimation_6ak4d")
nodes/dead/position = Vector2(1024, 208)
nodes/angry/node = SubResource("AnimationNodeAnimation_dec5i")
nodes/angry/position = Vector2(864, 400)
nodes/TimeSeek/node = SubResource("AnimationNodeTimeSeek_6fcqh")
nodes/TimeSeek/position = Vector2(1056, 384)
nodes/attack_oneshot/node = SubResource("AnimationNodeOneShot_712qu")
nodes/attack_oneshot/position = Vector2(656, -208)
nodes/hit_oneshot/node = SubResource("AnimationNodeOneShot_nkaw1")
nodes/hit_oneshot/position = Vector2(832, -144)
nodes/attack_idx/node = SubResource("AnimationNodeTransition_0j0it")
nodes/attack_idx/position = Vector2(336, -160)
nodes/Attack1/node = SubResource("AnimationNodeAnimation_2k7wq")
nodes/Attack1/position = Vector2(144, -128)
nodes/Attack2/node = SubResource("AnimationNodeAnimation_llg7d")
nodes/Attack2/position = Vector2(144, 32)
nodes/Hit/node = SubResource("AnimationNodeAnimation_nkaw1")
nodes/Hit/position = Vector2(624, 96)
nodes/knockdown_oneshot/node = SubResource("AnimationNodeOneShot_dec5i")
nodes/knockdown_oneshot/position = Vector2(1008, -64)
nodes/knockdown/node = SubResource("AnimationNodeAnimation_6fcqh")
nodes/knockdown/position = Vector2(784, 128)
nodes/chase_blend/node = SubResource("AnimationNodeBlendSpace1D_21xsh")
nodes/chase_blend/position = Vector2(144, -304)
nodes/AttackSpeed/node = SubResource("AnimationNodeTimeScale_lmmiu")
nodes/AttackSpeed/position = Vector2(496, -96)
node_connections = [&"output", 0, &"state", &"move_mode", 0, &"locomotion_blend", &"move_mode", 1, &"strafe_blend", &"move_mode", 2, &"chase_blend", &"state", 0, &"knockdown_oneshot", &"state", 1, &"dead", &"state", 2, &"TimeSeek", &"TimeSeek", 0, &"angry", &"attack_oneshot", 0, &"move_mode", &"attack_oneshot", 1, &"AttackSpeed", &"hit_oneshot", 0, &"attack_oneshot", &"hit_oneshot", 1, &"Hit", &"attack_idx", 0, &"Attack1", &"attack_idx", 1, &"Attack2", &"knockdown_oneshot", 0, &"hit_oneshot", &"knockdown_oneshot", 1, &"knockdown", &"AttackSpeed", 0, &"attack_idx"]

[sub_resource type="BoxShape3D" id="BoxShape3D_msovg"]
size = Vector3(2.2810059, 1.4276657, 2.4621277)

[sub_resource type="CapsuleShape3D" id="CapsuleShape3D_lw7nh"]

[sub_resource type="ShaderMaterial" id="ShaderMaterial_rag6w"]
render_priority = 0
shader = ExtResource("25_21xsh")

[sub_resource type="SphereMesh" id="SphereMesh_wy1il"]

[node name="Enemy" type="CharacterBody3D" groups=["enemies", "level_detail_objects"]]
collision_layer = 4
collision_mask = 91
collision_priority = 0.6
script = ExtResource("1_ksmh7")
show_debug_label = false
help_radius = 8.0
agent_radius = 0.5
retreat_speed = 1.5
attack_rotation_speed = 5.0

[node name="VisibleOnScreenNotifier3D" type="VisibleOnScreenNotifier3D" parent="."]
aabb = AABB(-1.0936372, -0.47408557, -0.99435246, 2.1872745, 2.4518332, 1.9887049)

[node name="AlertIndicator" parent="." instance=ExtResource("2_lmmiu")]
transform = Transform3D(1, 0, 0, 0, 1, 0, 0, 0, 1, 0, 2.6, 0)
aggro_color = Color(1, 1, 0, 0.78431374)
attack_color = Color(1, 0, 0, 0.78431374)

[node name="HealthBar3D" parent="." instance=ExtResource("2_twyc1")]
transform = Transform3D(1, 0, 0, 0, 1, 0, 0, 0, 1, 0, 2.175171, 0)
script = ExtResource("3_2ggct")
fade_delay = 5.0

[node name="Components" type="Node" parent="."]

[node name="HealthComponent" parent="Components" instance=ExtResource("2_wqcwe")]
max_health = 8.0

[node name="AnimationController" type="Node" parent="Components" node_paths=PackedStringArray("anim_tree")]
script = ExtResource("5_ftsks")
anim_tree = NodePath("../../Monstr/AnimationTree")

[node name="CombatComponent" type="Node" parent="Components" node_paths=PackedStringArray("punch_hand_r", "punch_hand_l", "attack_area")]
script = ExtResource("5_2k7wq")
faction = 1
self_recoil_strength = 2.5
attack_cooldown = 1.5
combo_window_time = 0.5
combo_cooldown_after_combo = 0.01
attack_roll_cancel_threshold = 0.5
kb_strength_normal = 5.0
kb_height_normal = 8.0
hs_prop_time_scale = 0.5
hs_prop_duration = 0.01
hs_normal_time_scale = 0.4
hs_normal_duration = 0.01
hs_finisher_time_scale = 0.3
hs_finisher_duration = 0.01
punch_hand_r = NodePath("../../Monstr/HitboxesContainer/punch_hand_r")
punch_hand_l = NodePath("../../Monstr/HitboxesContainer/punch_hand_l")
attack_area = NodePath("../../Monstr/PunchArea")

[node name="MovementComponent" type="Node" parent="Components"]
script = ExtResource("6_2k7wq")
acceleration = 5.0
rotation_speed = 5.0
push_force = 2500.0
roll_push_multiplier = 1.5
jump_height = 1.45
jump_time_to_peak = 0.3
jump_time_to_descent = 0.25
second_jump_multiplier = 1.4

[node name="EnemyAttackComponent" type="Node" parent="Components"]
script = ExtResource("8_sb13e")
tactical_retreat_distance = 3.0
retreat_interrupt_range = 0.8

[node name="VisionComponent" type="Node3D" parent="Components"]
script = ExtResource("7_56i32")
sight_range = 6.0
lost_sight_range = 8.0
proximity_detection_range = 2.5
scan_interval = 0.5

[node name="StateMachine" type="Node" parent="." node_paths=PackedStringArray("initial_state")]
script = ExtResource("9_3udgd")
initial_state = NodePath("Idle")

[node name="Idle" type="Node" parent="StateMachine"]
script = ExtResource("10_xmuku")

[node name="Patrol" type="Node" parent="StateMachine"]
script = ExtResource("11_2ggct")

[node name="Chase" type="Node" parent="StateMachine"]
script = ExtResource("12_wy1il")

[node name="Attack" type="Node" parent="StateMachine"]
script = ExtResource("13_53k0f")
warning_lead_time = 0.6

[node name="Frustrated" type="Node" parent="StateMachine"]
script = ExtResource("14_u01qb")

[node name="Dead" type="Node" parent="StateMachine"]
script = ExtResource("15_4teby")

[node name="Flee" type="Node" parent="StateMachine"]
script = ExtResource("17_wy1il")
flee_speed = 1.0

[node name="CombatStance" type="Node" parent="StateMachine"]
script = ExtResource("17_53k0f")

[node name="HitFlash" parent="." instance=ExtResource("4_msovg")]
mesh_path = NodePath("../Monstr/root/Skeleton3D/Monstr")
flash_time = 0.2

[node name="NavigationAgent3D" type="NavigationAgent3D" parent="."]
path_desired_distance = 0.75
avoidance_enabled = true
neighbor_distance = 10.0
max_neighbors = 5
time_horizon_agents = 0.5
time_horizon_obstacles = 1.0
max_speed = 20.0

[node name="Monstr" parent="." instance=ExtResource("3_5lf1o")]

[node name="punch_hand_r" parent="Monstr/HitboxesContainer" index="0"]
transform = Transform3D(-0.1643394, -0.10347472, -0.98096144, -0.22019978, -0.9654009, 0.13875239, -0.96151084, 0.23877628, 0.1358874, -0.7089145, 0.3639081, 0.16629486)

[node name="punch_hand_l" parent="Monstr/HitboxesContainer" index="1"]
transform = Transform3D(-0.16229981, 0.094571605, 0.9821984, 0.22168764, -0.96624476, 0.12970863, 0.9615074, 0.23874356, 0.13588674, 0.74131155, 0.38585755, 0.17862052)

[node name="Skeleton3D" parent="Monstr/root" index="0"]
bones/1/position = Vector3(1.0048666e-10, 0.41422066, -0.0046423664)
bones/1/rotation = Quaternion(0.042217515, -2.1071057e-06, -8.685672e-08, 0.9991085)
bones/2/position = Vector3(-0.022194955, 0.27199414, -0.019228835)
bones/2/rotation = Quaternion(-0.03524994, -0.0145873, -0.0025262022, 0.9992689)
bones/2/scale = Vector3(0.99999994, 0.9999999, 0.9999999)
bones/3/rotation = Quaternion(0.23842315, 3.128357e-06, 4.6795194e-06, 0.9711614)
bones/4/position = Vector3(-7.912331e-09, 0.06338386, -2.648917e-07)
bones/4/rotation = Quaternion(-0.2424033, -4.1109547e-06, -4.802604e-06, 0.9701757)
bones/4/scale = Vector3(1, 1.0000001, 1)
bones/5/position = Vector3(-0.12701668, 0.47739205, -0.018639944)
bones/5/rotation = Quaternion(-0.50328225, 0.47770002, 0.5925264, 0.40917268)
bones/6/rotation = Quaternion(-0.52689594, 0.17537934, -0.20955677, 0.80480355)
bones/6/scale = Vector3(1.0000002, 0.99999917, 1)
bones/7/rotation = Quaternion(1.7588115e-07, -0.2708111, 2.671264e-08, 0.9626325)
bones/7/scale = Vector3(1.0000002, 1.0000008, 0.9999997)
bones/8/rotation = Quaternion(7.7339514e-08, -1.18318454e-07, 0.45470372, 0.8906427)
bones/8/scale = Vector3(1.0000006, 0.9999998, 1)
bones/9/rotation = Quaternion(-2.7060384e-08, -0.24344625, 6.063363e-08, 0.9699144)
bones/10/rotation = Quaternion(-0.190406, -0.19414711, -0.2653213, 0.92501736)
bones/10/scale = Vector3(0.9999991, 0.9999995, 0.9999994)
bones/11/position = Vector3(0.13084684, 0.47340155, -0.047634125)
bones/11/rotation = Quaternion(0.5738763, 0.3806284, 0.5379449, -0.48621318)
bones/12/rotation = Quaternion(-0.48897, -0.22262892, -0.02466768, 0.84305173)
bones/12/scale = Vector3(1.0000001, 1.0000006, 1.0000004)
bones/13/rotation = Quaternion(2.5771186e-08, 0.13650094, 2.9407998e-08, 0.9906399)
bones/13/scale = Vector3(0.9999997, 0.99999976, 0.99999976)
bones/14/rotation = Quaternion(1.5418234e-08, -1.4130135e-08, -0.37230733, 0.92810947)
bones/14/scale = Vector3(0.9999997, 0.9999999, 0.99999994)
bones/15/rotation = Quaternion(-7.6459365e-08, 0.26861224, 4.690021e-08, 0.96324843)
bones/16/rotation = Quaternion(-0.21970633, 0.19175558, 0.3246245, 0.89976543)
bones/16/scale = Vector3(0.99999905, 0.9999991, 0.9999994)
bones/17/rotation = Quaternion(0.7323053, 0.42721015, 0.5030777, 0.16772977)
bones/17/scale = Vector3(0.99999994, 1.0000001, 0.9999997)
bones/18/rotation = Quaternion(-5.7921245e-08, 0.1503924, 7.317277e-08, 0.98862636)
bones/19/rotation = Quaternion(8.891602e-08, -6.368649e-08, 0.40079248, 0.9161689)
bones/19/scale = Vector3(0.99999964, 0.9999998, 0.99999976)
bones/20/rotation = Quaternion(0.12680691, 0.6938407, -0.31455448, 0.6352643)
bones/20/scale = Vector3(1.0000004, 1.0000002, 1.0000001)
bones/21/rotation = Quaternion(-4.918134e-07, 0.91525155, 0.4028828, -5.757998e-07)
bones/22/rotation = Quaternion(-1.0804249e-07, 0.08940126, 9.039802e-08, 0.9959957)
bones/23/rotation = Quaternion(0.7191999, -0.25215867, -0.63508934, -0.12581433)
bones/23/scale = Vector3(0.99999994, 0.9999999, 0.9999997)
bones/24/rotation = Quaternion(-2.7904395e-07, -0.028948948, -4.3416115e-09, 0.9995809)
bones/25/rotation = Quaternion(-1.16089964e-07, -1.043944e-07, -0.35634226, 0.9343556)
bones/25/scale = Vector3(0.99999994, 1.0000001, 0.9999997)
bones/26/rotation = Quaternion(0.1984277, -0.49280483, 0.5686717, 0.62799877)
bones/26/scale = Vector3(1.0000002, 1, 1)
bones/27/rotation = Quaternion(3.8668566e-07, 0.91525155, 0.40288314, 4.4961544e-07)
bones/28/rotation = Quaternion(-5.5750792e-08, -0.015257586, 2.436983e-08, 0.9998836)

[node name="Monstr" parent="Monstr/root/Skeleton3D" index="0"]
layers = 2

[node name="hand_r" parent="Monstr/root/Skeleton3D" index="1"]
transform = Transform3D(-0.15646073, -0.06903955, -0.98526764, -0.22550118, -0.9687082, 0.10368925, -0.9615965, 0.23840237, 0.13599664, -0.6957656, 0.54840297, 0.12089005)

[node name="RemoteTransform3D" parent="Monstr/root/Skeleton3D/hand_r" index="0"]
transform = Transform3D(1, 0, 0, 0, 1, 0, 0, 0, 1, 0, 0.19045451, 4.656613e-10)

[node name="hand_l" parent="Monstr/root/Skeleton3D" index="2"]
transform = Transform3D(-0.15718195, 0.07237224, 0.9849139, 0.2248343, -0.9684984, 0.107047126, 0.96163464, 0.23826852, 0.13595864, 0.7275279, 0.57031244, 0.1332412)

[node name="RemoteTransform3D" parent="Monstr/root/Skeleton3D/hand_l" index="0"]
transform = Transform3D(1, 0, 0, 0, 1, 0, 0, 0, 1, 0, 0.19045451, 4.656613e-10)

[node name="Physical Bone root_x" parent="Monstr/root/Skeleton3D/PhysicalBoneSimulator3D" index="0"]
transform = Transform3D(1, -4.0138366e-06, -1.7845919e-08, -3.5638897e-07, -0.084359854, -0.99643534, 3.998023e-06, 0.9964354, -0.08435985, -3.814703e-06, 0.5569728, 0.007650064)
joint_offset = Transform3D(1, 0, 0, 0, 1, 0, 0, 0, 1, 3.815722e-06, -0.00020602343, 0.14328025)
body_offset = Transform3D(1, 2.9728653e-08, -7.4509785e-09, -7.451007e-09, -7.450581e-09, -1.0000001, -2.9729108e-08, 1.0000001, 0, -3.8146484e-06, 0.14328027, 0.00020602345)

[node name="Physical Bone spine_01_x" parent="Monstr/root/Skeleton3D/PhysicalBoneSimulator3D" index="1"]
transform = Transform3D(0.99956125, -0.028980399, -0.0061309002, -0.0065410784, -0.014080086, -0.9998795, 0.028890586, 0.9994808, -0.014263471, -0.020646617, 0.936228, 0.0026411838)
joint_offset = Transform3D(1, 0, 0, 0, 1, 0, 0, 0, 1, -1.7564456e-05, 5.920008e-05, 0.24938998)
body_offset = Transform3D(1.0000001, 2.4214387e-07, -6.037156e-05, -6.0371996e-05, -0.00023647677, -1.0000001, -2.5331974e-07, 1.0000001, -0.00023646466, 3.2620504e-05, 0.24939, -2.2817403e-07)

[node name="Physical Bone neck_x" parent="Monstr/root/Skeleton3D/PhysicalBoneSimulator3D" index="2"]
transform = Transform3D(0.99956363, -0.028483914, 0.007821867, -0.006684398, -0.47605628, -0.87938946, 0.0287721, 0.87895334, -0.47603902, -0.019497281, 1.2010875, 0.021274218)
joint_offset = Transform3D(1, 0, 0, 0, 1, 0, 0, 0, 1, 4.3099662e-06, 6.153653e-05, 0.032290407)
body_offset = Transform3D(1.0000001, -1.0803342e-07, -0.00024365168, -0.00024364889, -0.0008479953, -1, -9.685755e-08, 1.0000001, -0.0008480251, 3.5576522e-06, 0.03229046, -3.415346e-05)

[node name="Physical Bone shoulder_r" parent="Monstr/root/Skeleton3D/PhysicalBoneSimulator3D" index="3"]
transform = Transform3D(-0.1288491, -0.20133546, 0.97101086, 0.019167397, 0.9784844, 0.20542854, -0.991479, 0.045081027, -0.12221777, -0.33932084, 1.1242757, 0.007853996)
joint_offset = Transform3D(1, 0, 0, 0, 1, 0, 0, 0, 1, -5.1414e-05, 5.0857547e-05, 0.19939022)
body_offset = Transform3D(0.9999997, -0.00019778684, -0.0010852441, -0.0010851696, 0.00085433014, -0.9999991, 0.00019871816, 0.9999997, 0.0008540335, 0.00026781112, 0.19938993, -0.00022113323)

[node name="Physical Bone arm_stretch_r" parent="Monstr/root/Skeleton3D/PhysicalBoneSimulator3D" index="4"]
transform = Transform3D(0.40785283, -0.18062054, -0.8950041, 0.06256993, -0.97240466, 0.2247538, -0.9109013, -0.14766681, -0.38529655, -0.5210978, 1.0861669, 0.031232463)
joint_offset = Transform3D(1, 0, 0, 0, 1, 0, 0, 0, 1, -1.6028827e-05, 6.1910127e-06, 5.915241e-05)
body_offset = Transform3D(0.9999994, -0.00030767918, -0.001057148, 0.00030905008, 1.0000001, 0.0012244247, 0.0010569096, -0.0012248494, 0.9999987, 1.6093254e-05, -6.2584877e-06, -5.9127808e-05)

[node name="Physical Bone forearm_stretch_r" parent="Monstr/root/Skeleton3D/PhysicalBoneSimulator3D" index="5"]
transform = Transform3D(0.09220861, -0.89425254, 0.43796128, -0.75033396, 0.22674496, 0.6209556, -0.65459657, -0.38587463, -0.65008014, -0.62053365, 0.65512586, 0.009083929)
joint_offset = Transform3D(1, 0, 0, 0, 1, 0, 0, 0, 1, 7.760313e-06, 1.8870047e-05, 0.058612928)
body_offset = Transform3D(0.9999999, -0.0006747842, -0.00023794174, -0.00023728609, -0.00036671758, -1.0000004, 0.000674665, 0.99999976, -0.00036677718, 6.198883e-06, 0.058612958, 2.6226044e-06)

[node name="Physical Bone shoulder_l" parent="Monstr/root/Skeleton3D/PhysicalBoneSimulator3D" index="6"]
transform = Transform3D(0.08551562, 0.25190789, -0.96396554, -0.09906718, 0.96486497, 0.24335444, 0.99139947, 0.07468674, 0.10746682, 0.3036415, 1.1118828, -0.063943535)
joint_offset = Transform3D(1, 0, 0, 0, 1, 0, 0, 0, 1, 0.004589181, 0.00032346626, 0.19841309)
body_offset = Transform3D(0.99985695, 0.0024587587, -0.016755119, -0.016755365, 8.8673085e-05, -0.99985987, -0.0024570003, 0.99999726, 0.0001298734, -0.0012648851, 0.19846214, -0.00033795834)

[node name="Physical Bone arm_stretch_l" parent="Monstr/root/Skeleton3D/PhysicalBoneSimulator3D" index="7"]
transform = Transform3D(0.36159998, 0.3232674, 0.8744963, 0.25224602, -0.936905, 0.24203497, 0.8975619, 0.13306837, -0.42032775, 0.48496234, 1.0666225, -0.086012036)
joint_offset = Transform3D(1, 0, 0, 0, 1, 0, 0, 0, 1, 0, 0, 0)
body_offset = Transform3D(0.9999999, -1.3329089e-05, 0.00048607588, 1.3664365e-05, 0.9999994, -0.00041449815, -0.0004861951, 0.00041448325, 0.9999996, 0, 0, 0)

[node name="Physical Bone forearm_stretch_l" parent="Monstr/root/Skeleton3D/PhysicalBoneSimulator3D" index="8"]
transform = Transform3D(0.038384516, 0.8750028, -0.4825938, 0.8295497, 0.24135275, 0.5035833, 0.5571121, -0.41966537, -0.7165941, 0.64437175, 0.65678734, 0.010098252)
joint_offset = Transform3D(1, 0, 0, 0, 1, 0, 0, 0, 1, -7.488556e-05, -4.11664e-05, 0.058593255)
body_offset = Transform3D(0.9999998, 0.00045971572, 0.00059071183, 0.00059077144, 0.0010988712, -0.99999917, -0.00046043098, 0.99999917, 0.0010987222, 4.029274e-05, 0.058593288, -2.3245811e-05)

[node name="Physical Bone thigh_stretch_l" parent="Monstr/root/Skeleton3D/PhysicalBoneSimulator3D" index="9"]
transform = Transform3D(0.1297065, 0.45649958, 0.8802184, 0.7412991, -0.6342064, 0.21967687, 0.6585225, 0.6240116, -0.4206634, 0.2055701, 0.39195916, -0.015041745)
joint_offset = Transform3D(0.999999, 0, 0, 0, 1, 0, 0, 0, 0.999999, 1.5756272e-05, 2.226571e-05, -3.436408e-05)
body_offset = Transform3D(0.99999976, -0.0006481707, -0.0006865561, 0.00064849854, 0.99999964, 0.0003953576, 0.0006862581, -0.00039586425, 0.99999994, -1.5765429e-05, -2.2262335e-05, 3.4362078e-05)

[node name="Physical Bone leg_stretch_l" parent="Monstr/root/Skeleton3D/PhysicalBoneSimulator3D" index="10"]
transform = Transform3D(0.42308, 0.88003695, -0.2157272, 0.038518965, 0.22040159, 0.97464836, 0.90527326, -0.42066377, 0.059349384, 0.30695027, 0.19863668, 0.09587713)
joint_offset = Transform3D(1, 0, 0, 0, 1, 0, 0, 0, 1, 2.5166866e-05, -1.1745399e-05, 0.07802022)
body_offset = Transform3D(1.0000002, -0.00022494793, -0.00049888715, -0.000499174, 2.7205795e-05, -1.0000001, 0.00022500753, 1.0000006, 2.7090311e-05, 1.3753772e-05, 0.078020245, 9.62615e-06)

[node name="Physical Bone foot_l" parent="Monstr/root/Skeleton3D/PhysicalBoneSimulator3D" index="11"]
transform = Transform3D(-0.9618854, 0.21617086, -0.16747114, 0.00081305497, 0.6146898, 0.78876853, 0.27345157, 0.75856876, -0.591437, 0.335336, 0.07073981, 0.13238424)
joint_offset = Transform3D(1, 0, 0, 0, 1, 0, 0, 0, 1, 0.00049972226, -0.0003347327, 0.06917239)
body_offset = Transform3D(0.9999988, -0.001632914, 0.00024203956, 0.00024087727, -0.0008392632, -0.9999995, 0.0016330332, 0.99999857, -0.0008389056, -0.0005170107, 0.06917195, 0.00039194524)

[node name="Physical Bone thigh_stretch_r" parent="Monstr/root/Skeleton3D/PhysicalBoneSimulator3D" index="12"]
transform = Transform3D(0.06534795, -0.5257102, -0.84815, -0.119762056, -0.8479549, 0.5163619, -0.99064964, 0.067833, -0.11837225, -0.20550387, 0.3919587, -0.015009245)
joint_offset = Transform3D(0.999999, 0, 0, 0, 1, 0, 0, 0, 0.999999, -4.878499e-06, 3.3290562e-05, 3.567194e-05)
body_offset = Transform3D(0.99999964, -0.00042580813, -0.0006927103, 0.00042315573, 0.9999929, -0.0037335837, 0.00069414824, 0.0037334068, 0.9999929, 4.917383e-06, -3.3155084e-05, -3.579259e-05)

[node name="Physical Bone leg_stretch_r" parent="Monstr/root/Skeleton3D/PhysicalBoneSimulator3D" index="13"]
transform = Transform3D(0.40249133, -0.8470857, 0.34705418, 0.47606176, 0.5175079, 0.711021, -0.7818989, -0.12096057, 0.61155754, -0.32946748, 0.17919543, -0.049990475)
joint_offset = Transform3D(1, 0, 0, 0, 1, 0, 0, 0, 1, 0.00017724182, -0.00010359191, 0.07794619)
body_offset = Transform3D(0.9999839, 0.0049686804, -0.002816677, -0.0028024614, -0.0028566197, -0.9999919, -0.0049768165, 0.9999841, -0.002842538, 4.2825006e-05, 0.07794576, 0.0003260374)

[node name="Physical Bone foot_r" parent="Monstr/root/Skeleton3D/PhysicalBoneSimulator3D" index="14"]
transform = Transform3D(-0.95006186, -0.2450784, 0.19318168, 0.0019568962, 0.6143583, 0.7890248, -0.3120557, 0.75000036, -0.5831988, -0.36823016, 0.07029264, -0.055687767)
joint_offset = Transform3D(1, 0, 0, 0, 1, 0, 0, 0, 1, 0.00039535118, 0.00033536035, 0.06919494)
body_offset = Transform3D(0.9999981, -0.0014318079, -0.0013651699, -0.0013659, -0.00041899085, -0.999999, 0.0014318079, 0.999999, -0.000420928, -0.0003004074, 0.069195546, -0.0003068)

[node name="AnimationPlayer" parent="Monstr" index="2"]
callback_mode_process = 2
autoplay = "Monstr_idle"
playback_default_blend_time = 0.2
blend_times = [&"Monstr_idle", &"Monstr_angry", 0.2, &"Monstr_idle", &"Monstr_attack_1", 0.2, &"Monstr_idle", &"Monstr_attack_idle", 0.2, &"Monstr_idle", &"Monstr_idle", 0.2, &"Monstr_idle", &"Monstr_knockdown", 0.2, &"Monstr_idle", &"Monstr_walk", 0.2]

[node name="AnimationTree" type="AnimationTree" parent="Monstr"]
tree_root = SubResource("AnimationNodeBlendTree_21xsh")
anim_player = NodePath("../AnimationPlayer")
parameters/locomotion_blend/blend_position = 0.0
parameters/strafe_blend/blend_position = 0.0
parameters/move_mode/current_state = "chase"
parameters/move_mode/transition_request = ""
parameters/move_mode/current_index = 2
parameters/state/current_state = "alive"
parameters/state/transition_request = ""
parameters/state/current_index = 0
parameters/TimeSeek/seek_request = -1.0
parameters/attack_oneshot/active = false
parameters/attack_oneshot/internal_active = false
parameters/attack_oneshot/request = 0
parameters/hit_oneshot/active = false
parameters/hit_oneshot/internal_active = false
parameters/hit_oneshot/request = 0
parameters/attack_idx/current_state = "Attack1"
parameters/attack_idx/transition_request = ""
parameters/attack_idx/current_index = 0
parameters/knockdown_oneshot/active = false
parameters/knockdown_oneshot/internal_active = false
parameters/knockdown_oneshot/request = 0
parameters/chase_blend/blend_position = 0.0
parameters/AttackSpeed/scale = 1.0

[node name="PunchArea" type="Area3D" parent="Monstr"]
collision_layer = 2

[node name="CollisionShape3D" type="CollisionShape3D" parent="Monstr/PunchArea"]
transform = Transform3D(1, 0, 0, 0, 1, 0, 0, 0, 1, 1.4210855e-14, 1.3604743, 1.4440575)
shape = SubResource("BoxShape3D_msovg")

[node name="CollisionShape3D" type="CollisionShape3D" parent="."]
transform = Transform3D(1, 0, 0, 0, 1, 0, 0, 0, 1, 0, 1, 0)
shape = SubResource("CapsuleShape3D_lw7nh")

[node name="AttackTimer" type="Timer" parent="."]

[node name="SoundBank" type="Node3D" parent="."]

[node name="SfxHurtVoice" type="AudioStreamPlayer3D" parent="SoundBank"]
volume_db = -5.0
max_distance = 15.0
bus = &"SFX"
script = ExtResource("18_4teby")
streams = Array[AudioStream]([ExtResource("19_8edke")])
min_pitch = 1.0
max_pitch = 1.2

[node name="SfxFleshHit" type="AudioStreamPlayer3D" parent="SoundBank"]
volume_db = 80.0
max_db = 6.0
max_distance = 15.0
bus = &"SFX"
script = ExtResource("18_4teby")
streams = Array[AudioStream]([ExtResource("20_ku6gj"), ExtResource("21_8edke"), ExtResource("22_y4tt3"), ExtResource("23_21xsh")])

[node name="SfxDeathImpact" type="AudioStreamPlayer3D" parent="SoundBank"]
volume_db = 10.0
max_db = 6.0
max_distance = 15.0
bus = &"SFX"
script = ExtResource("18_4teby")
streams = Array[AudioStream]([ExtResource("24_y4tt3")])

[node name="GrassCollision" type="MeshInstance3D" parent="."]
transform = Transform3D(1, 0, 0, 0, 1, 0, 0, 0, 1, 0, 0.5, 0)
layers = 65536
material_override = SubResource("ShaderMaterial_rag6w")
mesh = SubResource("SphereMesh_wy1il")

[node name="DebugLabel" type="Label3D" parent="."]
transform = Transform3D(1, 0, 0, 0, 1, 0, 0, 0, 1, 0, 2.680199, 0)
billboard = 1
no_depth_test = true
text = "Debug"
font_size = 22
outline_size = 2

[connection signal="screen_entered" from="VisibleOnScreenNotifier3D" to="." method="_on_visible_on_screen_notifier_3d_screen_entered"]
[connection signal="screen_exited" from="VisibleOnScreenNotifier3D" to="." method="_on_visible_on_screen_notifier_3d_screen_exited"]

[editable path="Monstr"]
