[gd_scene load_steps=62 format=3 uid="uid://d8g64g8viihh"]

[ext_resource type="Script" uid="uid://ba6qmt80akqib" path="res://entities/enemies/enemy.gd" id="1_ksmh7"]
[ext_resource type="PackedScene" uid="uid://dkh8rsc2pvxl0" path="res://entities/enemies/components/AlertIndicator/alert_indicator.tscn" id="2_lmmiu"]
[ext_resource type="PackedScene" uid="uid://b72gnkqh5atrs" path="res://ui/HealthBar3D/health_bar_3d.tscn" id="2_twyc1"]
[ext_resource type="PackedScene" uid="uid://jwhg4beayert" path="res://ui/health_component/HealthComponent.tscn" id="2_wqcwe"]
[ext_resource type="Script" uid="uid://nqcrxsuj1cdf" path="res://ui/HealthBar3D/enemy_health_bar.gd" id="3_2ggct"]
[ext_resource type="PackedScene" uid="uid://duk5b06ohkpsc" path="res://entities/enemies/monstr.tscn" id="3_5lf1o"]
[ext_resource type="PackedScene" uid="uid://bh7ppnkyaubf7" path="res://vfx/hit_flash/HitFlash.tscn" id="4_msovg"]
[ext_resource type="Script" uid="uid://br8c8ywc11oph" path="res://common/components/combat_component.gd" id="5_2k7wq"]
[ext_resource type="Script" uid="uid://jti4ucm7ho77" path="res://common/components/animation_controller.gd" id="5_ftsks"]
[ext_resource type="Script" uid="uid://cks4om3mks65h" path="res://common/components/movement_component.gd" id="6_2k7wq"]
[ext_resource type="Script" uid="uid://bms48mt88e42c" path="res://entities/enemies/components/vision_component.gd" id="7_56i32"]
[ext_resource type="Script" uid="uid://c55cu0n3gbdfm" path="res://entities/enemies/components/enemy_attack_component.gd" id="8_sb13e"]
[ext_resource type="Script" uid="uid://cbx8244k71rsk" path="res://common/fsm/state_machine.gd" id="9_3udgd"]
[ext_resource type="Script" uid="uid://cxbbb82wp8q2v" path="res://entities/enemies/states/enemy_idle.gd" id="10_xmuku"]
[ext_resource type="Script" uid="uid://cvvgodl7fxgrn" path="res://entities/enemies/states/enemy_patrol.gd" id="11_2ggct"]
[ext_resource type="Script" uid="uid://cbsjg06awuo6g" path="res://entities/enemies/states/enemy_chase.gd" id="12_wy1il"]
[ext_resource type="Script" uid="uid://dirsi2ohsa4hb" path="res://entities/enemies/states/enemy_attack.gd" id="13_53k0f"]
[ext_resource type="Script" uid="uid://c6ccg8dnavfcp" path="res://entities/enemies/states/enemy_frustrated.gd" id="14_u01qb"]
[ext_resource type="Script" uid="uid://bn3bsn15qof6y" path="res://entities/enemies/states/enemy_dead.gd" id="15_4teby"]
[ext_resource type="Script" uid="uid://n1t4ruinfklm" path="res://entities/enemies/states/enemy_combat_stance.gd" id="17_53k0f"]
[ext_resource type="Script" uid="uid://c2im05hged14y" path="res://entities/enemies/states/enemy_flee.gd" id="17_wy1il"]
[ext_resource type="Script" uid="uid://ilu7xai8rnii" path="res://common/utils/random_audio_player_3d.gd" id="18_4teby"]
[ext_resource type="AudioStream" uid="uid://cy6x7q0s5irk7" path="res://assets/audio/mixkit-fantasy-monster-grunt-1977.mp3" id="19_8edke"]
[ext_resource type="AudioStream" uid="uid://bdgv843qcydoo" path="res://assets/audio/mixkit-soft-quick-punch-2151.mp3" id="20_ku6gj"]
[ext_resource type="AudioStream" uid="uid://b0r7fs2xvvu45" path="res://assets/audio/mixkit-strong-punches-to-the-body-2198-3.mp3" id="21_8edke"]
[ext_resource type="AudioStream" uid="uid://dctdgj0rwbvj5" path="res://assets/audio/mixkit-strong-punches-to-the-body-2198-2.mp3" id="22_y4tt3"]
[ext_resource type="AudioStream" uid="uid://brbtr34dd38x8" path="res://assets/audio/mixkit-strong-punches-to-the-body-2198-1.mp3" id="23_21xsh"]
[ext_resource type="AudioStream" uid="uid://q382v6423pvu" path="res://assets/audio/mixkit-impact-of-a-strong-punch-2155.mp3" id="24_y4tt3"]
[ext_resource type="Shader" uid="uid://bxxg6h5x5fm3t" path="res://assets/shaders/GrassCollisionSphere.gdshader" id="25_21xsh"]

[sub_resource type="AnimationNodeAnimation" id="AnimationNodeAnimation_2k7wq"]
animation = &"Monstr_attack_1"

[sub_resource type="AnimationNodeAnimation" id="AnimationNodeAnimation_llg7d"]
animation = &"Monstr_attack_2"

[sub_resource type="AnimationNodeAnimation" id="AnimationNodeAnimation_nkaw1"]
animation = &"Monstr_hit"

[sub_resource type="AnimationNodeTimeSeek" id="AnimationNodeTimeSeek_6fcqh"]

[sub_resource type="AnimationNodeAnimation" id="AnimationNodeAnimation_dec5i"]
animation = &"Monstr_angry"

[sub_resource type="AnimationNodeTransition" id="AnimationNodeTransition_0j0it"]
xfade_time = 0.2
input_0/name = "Attack1"
input_0/auto_advance = false
input_0/break_loop_at_end = false
input_0/reset = true
input_1/name = "Attack2"
input_1/auto_advance = false
input_1/break_loop_at_end = false
input_1/reset = true

[sub_resource type="AnimationNodeOneShot" id="AnimationNodeOneShot_712qu"]
filters = ["..", "root/Skeleton3D:arm_stretch.l", "root/Skeleton3D:arm_stretch.r", "root/Skeleton3D:arm_twist.l", "root/Skeleton3D:arm_twist.r", "root/Skeleton3D:forearm_stretch.l", "root/Skeleton3D:forearm_stretch.r", "root/Skeleton3D:forearm_twist.l", "root/Skeleton3D:forearm_twist.r", "root/Skeleton3D:hand.l", "root/Skeleton3D:hand.r", "root/Skeleton3D:head.x", "root/Skeleton3D:neck.x", "root/Skeleton3D:root.x", "root/Skeleton3D:shoulder.l", "root/Skeleton3D:shoulder.r", "root/Skeleton3D:spine_01.x"]
fadein_time = 0.2
fadeout_time = 0.1

[sub_resource type="AnimationNodeAnimation" id="AnimationNodeAnimation_pbvo2"]
animation = &"Monstr_walk"
play_mode = 1

[sub_resource type="AnimationNodeAnimation" id="AnimationNodeAnimation_5ltra"]
animation = &"Monstr_attack_idle"

[sub_resource type="AnimationNodeAnimation" id="AnimationNodeAnimation_t287r"]
animation = &"Monstr_walk"

[sub_resource type="AnimationNodeAnimation" id="AnimationNodeAnimation_tqj2o"]
animation = &"Monstr_run"

[sub_resource type="AnimationNodeBlendSpace1D" id="AnimationNodeBlendSpace1D_21xsh"]
blend_point_0/node = SubResource("AnimationNodeAnimation_pbvo2")
blend_point_0/pos = -1.0
blend_point_1/node = SubResource("AnimationNodeAnimation_5ltra")
blend_point_1/pos = 0.0
blend_point_2/node = SubResource("AnimationNodeAnimation_t287r")
blend_point_2/pos = 1.0
blend_point_3/node = SubResource("AnimationNodeAnimation_tqj2o")
blend_point_3/pos = 2.0
max_space = 2.0

[sub_resource type="AnimationNodeAnimation" id="AnimationNodeAnimation_6ak4d"]
animation = &"Monstr_death"
use_custom_timeline = true
timeline_length = 1.0
stretch_time_scale = true
start_offset = 0.0
loop_mode = 0

[sub_resource type="AnimationNodeOneShot" id="AnimationNodeOneShot_nkaw1"]
filter_enabled = true
filters = ["root/Skeleton3D:c_traj", "root/Skeleton3D:head.x", "root/Skeleton3D:neck.x", "root/Skeleton3D:root.x", "root/Skeleton3D:shoulder.l", "root/Skeleton3D:shoulder.r", "root/Skeleton3D:spine_01.x"]
fadein_time = 0.01
fadeout_time = 0.01

[sub_resource type="AnimationNodeAnimation" id="AnimationNodeAnimation_6fcqh"]
animation = &"Monstr_knockdown"
use_custom_timeline = true
timeline_length = 0.3
stretch_time_scale = true
start_offset = 0.0
loop_mode = 0

[sub_resource type="AnimationNodeOneShot" id="AnimationNodeOneShot_dec5i"]
filters = ["root/Skeleton3D:arm_stretch.l", "root/Skeleton3D:arm_stretch.r", "root/Skeleton3D:arm_twist.l", "root/Skeleton3D:arm_twist.r", "root/Skeleton3D:forearm_stretch.l", "root/Skeleton3D:forearm_stretch.r", "root/Skeleton3D:forearm_twist.l", "root/Skeleton3D:forearm_twist.r", "root/Skeleton3D:hand.l", "root/Skeleton3D:hand.r", "root/Skeleton3D:head.x", "root/Skeleton3D:neck.x", "root/Skeleton3D:root.x", "root/Skeleton3D:shoulder.l", "root/Skeleton3D:shoulder.r", "root/Skeleton3D:spine_01.x"]
fadein_time = 0.1
fadeout_time = 0.1

[sub_resource type="AnimationNodeAnimation" id="AnimationNodeAnimation_21xsh"]
animation = &"Monstr_idle"
advance_on_start = true

[sub_resource type="AnimationNodeAnimation" id="AnimationNodeAnimation_rag6w"]
animation = &"Monstr_walk"

[sub_resource type="AnimationNodeAnimation" id="AnimationNodeAnimation_ftsks"]
animation = &"Monstr_run"

[sub_resource type="AnimationNodeAnimation" id="AnimationNodeAnimation_712qu"]
animation = &"Monstr_walk"
play_mode = 1

[sub_resource type="AnimationNodeBlendSpace1D" id="AnimationNodeBlendSpace1D_2k7wq"]
blend_point_0/node = SubResource("AnimationNodeAnimation_21xsh")
blend_point_0/pos = 0.0
blend_point_1/node = SubResource("AnimationNodeAnimation_rag6w")
blend_point_1/pos = 1.0
blend_point_2/node = SubResource("AnimationNodeAnimation_ftsks")
blend_point_2/pos = 2.0
blend_point_3/node = SubResource("AnimationNodeAnimation_712qu")
blend_point_3/pos = -1.0
max_space = 2.0

[sub_resource type="AnimationNodeTransition" id="AnimationNodeTransition_pbvo2"]
xfade_time = 0.2
input_0/name = "normal"
input_0/auto_advance = false
input_0/break_loop_at_end = false
input_0/reset = true
input_1/name = "strafe"
input_1/auto_advance = false
input_1/break_loop_at_end = false
input_1/reset = true
input_2/name = "chase"
input_2/auto_advance = false
input_2/break_loop_at_end = false
input_2/reset = true

[sub_resource type="AnimationNodeTransition" id="AnimationNodeTransition_5ltra"]
xfade_time = 0.2
input_0/name = "alive"
input_0/auto_advance = false
input_0/break_loop_at_end = false
input_0/reset = true
input_1/name = "dead"
input_1/auto_advance = false
input_1/break_loop_at_end = false
input_1/reset = true
input_2/name = "angry"
input_2/auto_advance = false
input_2/break_loop_at_end = false
input_2/reset = true

[sub_resource type="AnimationNodeAnimation" id="AnimationNodeAnimation_lmmiu"]
animation = &"Monstr_walk_strafe_l"

[sub_resource type="AnimationNodeAnimation" id="AnimationNodeAnimation_vkm0h"]
animation = &"Monstr_walk_strafe_r"

[sub_resource type="AnimationNodeAnimation" id="AnimationNodeAnimation_0j0it"]
animation = &"Monstr_attack_idle"

[sub_resource type="AnimationNodeBlendSpace1D" id="AnimationNodeBlendSpace1D_llg7d"]
blend_point_0/node = SubResource("AnimationNodeAnimation_lmmiu")
blend_point_0/pos = -1.0
blend_point_1/node = SubResource("AnimationNodeAnimation_vkm0h")
blend_point_1/pos = 1.0
blend_point_2/node = SubResource("AnimationNodeAnimation_0j0it")
blend_point_2/pos = 0.0

[sub_resource type="AnimationNodeBlendTree" id="AnimationNodeBlendTree_21xsh"]
graph_offset = Vector2(-174.30302, -561.0378)
nodes/output/position = Vector2(1216, 176)
nodes/locomotion_blend/node = SubResource("AnimationNodeBlendSpace1D_2k7wq")
nodes/locomotion_blend/position = Vector2(144, -624)
nodes/strafe_blend/node = SubResource("AnimationNodeBlendSpace1D_llg7d")
nodes/strafe_blend/position = Vector2(144, -464)
nodes/move_mode/node = SubResource("AnimationNodeTransition_pbvo2")
nodes/move_mode/position = Vector2(336, -416)
nodes/state/node = SubResource("AnimationNodeTransition_5ltra")
nodes/state/position = Vector2(1056, 128)
nodes/dead/node = SubResource("AnimationNodeAnimation_6ak4d")
nodes/dead/position = Vector2(864, 192)
nodes/angry/node = SubResource("AnimationNodeAnimation_dec5i")
nodes/angry/position = Vector2(704, 384)
nodes/TimeSeek/node = SubResource("AnimationNodeTimeSeek_6fcqh")
nodes/TimeSeek/position = Vector2(896, 368)
nodes/attack_oneshot/node = SubResource("AnimationNodeOneShot_712qu")
nodes/attack_oneshot/position = Vector2(496, -224)
nodes/hit_oneshot/node = SubResource("AnimationNodeOneShot_nkaw1")
nodes/hit_oneshot/position = Vector2(672, -160)
nodes/attack_idx/node = SubResource("AnimationNodeTransition_0j0it")
nodes/attack_idx/position = Vector2(336, -160)
nodes/Attack1/node = SubResource("AnimationNodeAnimation_2k7wq")
nodes/Attack1/position = Vector2(144, -128)
nodes/Attack2/node = SubResource("AnimationNodeAnimation_llg7d")
nodes/Attack2/position = Vector2(144, 32)
nodes/Hit/node = SubResource("AnimationNodeAnimation_nkaw1")
nodes/Hit/position = Vector2(464, 80)
nodes/knockdown_oneshot/node = SubResource("AnimationNodeOneShot_dec5i")
nodes/knockdown_oneshot/position = Vector2(848, -80)
nodes/knockdown/node = SubResource("AnimationNodeAnimation_6fcqh")
nodes/knockdown/position = Vector2(624, 112)
nodes/chase_blend/node = SubResource("AnimationNodeBlendSpace1D_21xsh")
nodes/chase_blend/position = Vector2(144, -304)
node_connections = [&"output", 0, &"state", &"move_mode", 0, &"locomotion_blend", &"move_mode", 1, &"strafe_blend", &"move_mode", 2, &"chase_blend", &"state", 0, &"knockdown_oneshot", &"state", 1, &"dead", &"state", 2, &"TimeSeek", &"TimeSeek", 0, &"angry", &"attack_oneshot", 0, &"move_mode", &"attack_oneshot", 1, &"attack_idx", &"hit_oneshot", 0, &"attack_oneshot", &"hit_oneshot", 1, &"Hit", &"attack_idx", 0, &"Attack1", &"attack_idx", 1, &"Attack2", &"knockdown_oneshot", 0, &"hit_oneshot", &"knockdown_oneshot", 1, &"knockdown"]

[sub_resource type="BoxShape3D" id="BoxShape3D_msovg"]
size = Vector3(2.2810059, 1.4276657, 2.4621277)

[sub_resource type="CapsuleShape3D" id="CapsuleShape3D_lw7nh"]
radius = 0.6

[sub_resource type="ShaderMaterial" id="ShaderMaterial_rag6w"]
render_priority = 0
shader = ExtResource("25_21xsh")

[sub_resource type="SphereMesh" id="SphereMesh_wy1il"]

[node name="Enemy" type="CharacterBody3D" groups=["enemies"]]
collision_layer = 4
collision_mask = 79
collision_priority = 0.6
script = ExtResource("1_ksmh7")
show_debug_label = false
help_radius = 8.0
retreat_speed = 1.5
attack_rotation_speed = 5.0

[node name="VisibleOnScreenEnabler3D" type="VisibleOnScreenEnabler3D" parent="."]
aabb = AABB(-6, -6, -5, 12, 12, 10)
enable_mode = 1
enable_node_path = NodePath("../Monstr/AnimationTree")

[node name="AlertIndicator" parent="." instance=ExtResource("2_lmmiu")]
transform = Transform3D(1, 0, 0, 0, 1, 0, 0, 0, 1, 0, 2.6, 0)
aggro_color = Color(1, 1, 0, 0.78431374)
attack_color = Color(1, 0, 0, 0.78431374)

[node name="HealthBar3D" parent="." instance=ExtResource("2_twyc1")]
transform = Transform3D(1, 0, 0, 0, 1, 0, 0, 0, 1, 0, 2.175171, 0)
script = ExtResource("3_2ggct")
fade_delay = 5.0

[node name="Components" type="Node" parent="."]

[node name="HealthComponent" parent="Components" instance=ExtResource("2_wqcwe")]
max_health = 8.0

[node name="AnimationController" type="Node" parent="Components" node_paths=PackedStringArray("anim_tree")]
script = ExtResource("5_ftsks")
anim_tree = NodePath("../../Monstr/AnimationTree")

[node name="CombatComponent" type="Node" parent="Components" node_paths=PackedStringArray("punch_hand_r", "punch_hand_l", "attack_area")]
script = ExtResource("5_2k7wq")
faction = 1
self_recoil_strength = 2.5
primary_attack_speed = 1.0
attack_cooldown = 1.5
combo_window_time = 0.5
combo_cooldown_after_combo = 0.01
attack_roll_cancel_threshold = 0.5
kb_strength_normal = 5.0
kb_height_normal = 8.0
hs_prop_time_scale = 0.5
hs_prop_duration = 0.01
hs_normal_time_scale = 0.4
hs_normal_duration = 0.01
hs_finisher_time_scale = 0.3
hs_finisher_duration = 0.01
punch_hand_r = NodePath("../../Monstr/HitboxesContainer/punch_hand_r")
punch_hand_l = NodePath("../../Monstr/HitboxesContainer/punch_hand_l")
attack_area = NodePath("../../Monstr/PunchArea")

[node name="MovementComponent" type="Node" parent="Components"]
script = ExtResource("6_2k7wq")
rotation_speed = 5.0
push_force = 80.0
roll_push_multiplier = 1.5
jump_height = 1.45
jump_time_to_peak = 0.3
jump_time_to_descent = 0.25
second_jump_multiplier = 1.4

[node name="EnemyAttackComponent" type="Node" parent="Components"]
script = ExtResource("8_sb13e")
tactical_retreat_distance = 3.0
retreat_interrupt_range = 0.8

[node name="VisionComponent" type="Node3D" parent="Components"]
script = ExtResource("7_56i32")
sight_range = 6.0
lost_sight_range = 8.0
proximity_detection_range = 2.5
scan_interval = 0.5

[node name="StateMachine" type="Node" parent="." node_paths=PackedStringArray("initial_state")]
script = ExtResource("9_3udgd")
initial_state = NodePath("Idle")

[node name="Idle" type="Node" parent="StateMachine"]
script = ExtResource("10_xmuku")

[node name="Patrol" type="Node" parent="StateMachine"]
script = ExtResource("11_2ggct")

[node name="Chase" type="Node" parent="StateMachine"]
script = ExtResource("12_wy1il")

[node name="Attack" type="Node" parent="StateMachine"]
script = ExtResource("13_53k0f")
warning_lead_time = 0.6

[node name="Frustrated" type="Node" parent="StateMachine"]
script = ExtResource("14_u01qb")

[node name="Dead" type="Node" parent="StateMachine"]
script = ExtResource("15_4teby")

[node name="Flee" type="Node" parent="StateMachine"]
script = ExtResource("17_wy1il")
flee_speed = 1.0

[node name="CombatStance" type="Node" parent="StateMachine"]
script = ExtResource("17_53k0f")

[node name="HitFlash" parent="." instance=ExtResource("4_msovg")]
mesh_path = NodePath("../Monstr/root/Skeleton3D/Monstr")
flash_time = 0.2

[node name="NavigationAgent3D" type="NavigationAgent3D" parent="."]
path_desired_distance = 0.75
avoidance_enabled = true
neighbor_distance = 10.0
max_neighbors = 5
time_horizon_agents = 0.5
time_horizon_obstacles = 1.0
max_speed = 20.0

[node name="Monstr" parent="." instance=ExtResource("3_5lf1o")]

[node name="punch_hand_r" parent="Monstr/HitboxesContainer" index="0"]
transform = Transform3D(-0.16170824, -0.09204434, -0.98253703, -0.2216638, -0.9666753, 0.12706609, -0.9616205, 0.23830718, 0.13593523, -0.708735, 0.56267744, 0.10368757)

[node name="punch_hand_l" parent="Monstr/HitboxesContainer" index="1"]
transform = Transform3D(-0.15944527, 0.08208772, 0.9837877, 0.22332582, -0.9674942, 0.11695899, 0.9616058, 0.2383046, 0.13596073, 0.7308588, 0.52481055, 0.12672368)

[node name="Skeleton3D" parent="Monstr/root" index="0"]
bones/0/rotation = Quaternion(4.86768e-08, 8.742278e-08, 3.3001185e-15, 1)
bones/1/position = Vector3(5.5962554e-11, 0.4244075, -0.0037799315)
bones/1/rotation = Quaternion(0.042217515, -2.1071057e-06, -8.685672e-08, 0.9991085)
bones/2/position = Vector3(-0.022819027, 0.26509342, -0.02014122)
bones/2/rotation = Quaternion(-0.0035671035, -0.015663128, -0.026107349, 0.99953014)
bones/2/scale = Vector3(0.99999994, 0.9999999, 0.9999999)
bones/3/rotation = Quaternion(0.23842315, 3.128357e-06, 4.6795194e-06, 0.9711614)
bones/4/position = Vector3(-7.912331e-09, 0.06338386, -2.648917e-07)
bones/4/rotation = Quaternion(-0.23622686, -4.139401e-06, -4.7744206e-06, 0.971698)
bones/4/scale = Vector3(1, 1.0000001, 1)
bones/5/position = Vector3(-0.12985575, 0.47531104, -0.03137876)
bones/5/rotation = Quaternion(-0.5774063, 0.43477127, 0.5075222, 0.4690387)
bones/6/rotation = Quaternion(-0.56497216, 0.17673734, -0.014720192, 0.8058248)
bones/6/scale = Vector3(0.99999994, 0.99999946, 0.9999999)
bones/7/rotation = Quaternion(-4.7061384e-08, -0.13405102, 2.6180754e-08, 0.99097455)
bones/7/scale = Vector3(0.99999994, 1.0000005, 0.99999994)
bones/8/rotation = Quaternion(7.614717e-08, 2.2139572e-08, 0.24032784, 0.97069186)
bones/8/scale = Vector3(1, 0.99999964, 1)
bones/9/rotation = Quaternion(9.282175e-08, -0.25657538, -2.495283e-09, 0.96652424)
bones/10/rotation = Quaternion(-0.1563647, -0.23629117, -0.17433831, 0.9430391)
bones/10/scale = Vector3(0.9999991, 0.9999994, 0.9999994)
bones/11/position = Vector3(0.12819621, 0.47652745, -0.023932528)
bones/11/rotation = Quaternion(0.31418458, 0.56464267, 0.674967, -0.35621116)
bones/12/rotation = Quaternion(-0.39962813, -0.35032696, 0.34146664, 0.77522194)
bones/12/scale = Vector3(1.0000001, 0.99999946, 1.0000002)
bones/13/rotation = Quaternion(-1.8427991e-07, 0.5040273, 6.726099e-08, 0.8636877)
bones/13/scale = Vector3(0.9999998, 1.0000007, 1.0000001)
bones/14/rotation = Quaternion(-1.9673326e-08, -6.355811e-08, -0.0017998964, 0.99999845)
bones/14/scale = Vector3(1, 1.0000004, 0.99999994)
bones/15/rotation = Quaternion(6.774683e-08, 0.18305804, -2.669538e-09, 0.98310214)
bones/16/rotation = Quaternion(-0.21229357, 0.22506669, -0.17312816, 0.93504184)
bones/16/scale = Vector3(0.99999887, 0.9999992, 0.9999993)
bones/17/rotation = Quaternion(0.7484775, 0.3961562, 0.5102344, 0.1500087)
bones/17/scale = Vector3(0.99999994, 1.0000001, 0.9999997)
bones/18/rotation = Quaternion(-6.886192e-09, 0.15569714, 7.132397e-08, 0.98780495)
bones/19/rotation = Quaternion(-2.815332e-08, -1.5818326e-08, 0.335853, 0.9419145)
bones/19/scale = Vector3(0.99999964, 0.9999998, 0.99999976)
bones/20/rotation = Quaternion(0.108009115, 0.697084, -0.29332006, 0.64526844)
bones/20/scale = Vector3(1.0000004, 1.0000002, 1.0000001)
bones/21/rotation = Quaternion(-4.918134e-07, 0.91525155, 0.4028828, -5.757998e-07)
bones/22/rotation = Quaternion(-1.11058654e-07, 0.08510689, 1.200201e-07, 0.99637187)
bones/23/rotation = Quaternion(0.72894496, -0.22035286, -0.6321709, -0.14298242)
bones/23/scale = Vector3(0.99999994, 0.9999999, 0.9999997)
bones/24/rotation = Quaternion(1.5473889e-08, -0.039150033, 5.7080096e-09, 0.9992334)
bones/25/rotation = Quaternion(8.126359e-08, -3.1834873e-08, -0.27614513, 0.961116)
bones/25/scale = Vector3(0.99999994, 1.0000001, 0.9999997)
bones/26/rotation = Quaternion(0.18161027, -0.5023448, 0.53361785, 0.6556825)
bones/26/scale = Vector3(1.0000002, 1, 1)
bones/27/rotation = Quaternion(3.8668566e-07, 0.91525155, 0.40288314, 4.4961544e-07)
bones/28/rotation = Quaternion(1.5461941e-08, 0.0026905725, 5.057501e-08, 0.9999965)

[node name="Monstr" parent="Monstr/root/Skeleton3D" index="0"]
layers = 2

[node name="hand_r" parent="Monstr/root/Skeleton3D" index="1"]
transform = Transform3D(-0.16170815, -0.09205693, -0.98253477, -0.22166368, -0.96680754, 0.12706581, -0.96162, 0.23833978, 0.13593492, -0.708735, 0.56267744, 0.10368757)

[node name="hand_l" parent="Monstr/root/Skeleton3D" index="2"]
transform = Transform3D(-0.1594464, 0.08210519, 0.9837855, 0.22332741, -0.9677001, 0.11695874, 0.9616127, 0.23835532, 0.13596043, 0.7308588, 0.52481055, 0.12672368)

[node name="Physical Bone root_x" parent="Monstr/root/Skeleton3D/PhysicalBoneSimulator3D" index="0"]
transform = Transform3D(1, -4.043678e-06, -1.0398922e-08, -3.5148588e-07, -0.084359854, -0.9964354, 4.0283862e-06, 0.9964354, -0.084359854, -3.8139824e-06, 0.5636273, 0.0080519505)
joint_offset = Transform3D(1, 0, 0, 0, 1, 0, 0, 0, 1, 3.814648e-06, -4.510581e-05, 0.13972163)
body_offset = Transform3D(1, -1.1277734e-10, -3.893774e-12, -3.9790393e-12, -7.450581e-09, -1, 1.12322596e-10, 1.0000001, 0, -3.8146475e-06, 0.13972163, 4.5105815e-05)

[node name="Physical Bone spine_01_x" parent="Monstr/root/Skeleton3D/PhysicalBoneSimulator3D" index="1"]
transform = Transform3D(0.99814606, -0.031131996, -0.0523005, -0.054550268, -0.076441035, -0.9955808, 0.02699651, 0.99658805, -0.07799757, -0.010035733, 0.93345904, 0.017556218)
joint_offset = Transform3D(1, 0, 0, 0, 1, 0, 0, 0, 1, -6.7434244e-06, 1.1324687e-05, 0.24428305)
body_offset = Transform3D(1.0000002, -3.0361116e-07, 1.792796e-08, 2.3283064e-08, -4.532188e-05, -1.0000001, 3.054738e-07, 1.0000002, -4.532188e-05, 6.73905e-06, 0.24428308, -2.5331974e-07)

[node name="Physical Bone neck_x" parent="Monstr/root/Skeleton3D/PhysicalBoneSimulator3D" index="2"]
transform = Transform3D(0.9981451, -0.051813878, -0.03196513, -0.05458302, -0.5290658, -0.8468236, 0.026965557, 0.84699756, -0.5309125, 0.003608346, 1.2009141, 0.053281255)
joint_offset = Transform3D(1, 0, 0, 0, 1, 0, 0, 0, 1, 1.1888359e-06, 3.2437292e-06, 0.031826127)
body_offset = Transform3D(1.0000001, 2.7567148e-07, -5.1634386e-05, -5.162973e-05, -0.00036028028, -1.0000004, -2.9429793e-07, 1.0000004, -0.00036036968, 4.5448542e-07, 0.03182614, 8.225441e-06)

[node name="Physical Bone shoulder_r" parent="Monstr/root/Skeleton3D/PhysicalBoneSimulator3D" index="3"]
transform = Transform3D(0.13641277, -0.1252506, 0.9827023, 0.04426758, 0.9917551, 0.12025944, -0.9896626, 0.02709693, 0.14083257, -0.31775528, 1.1494637, -0.02666291)
joint_offset = Transform3D(1, 0, 0, 0, 1, 0, 0, 0, 1, -5.1234754e-05, 9.1871094e-05, 0.19454147)
body_offset = Transform3D(1.0000004, -1.5646219e-07, -0.00024284422, -0.00024281442, 0.0001466577, -0.99999994, 2.2910535e-07, 1.0000002, 0.00014665397, 9.847805e-05, 0.1945414, -0.00012040138)

[node name="Physical Bone arm_stretch_r" parent="Monstr/root/Skeleton3D/PhysicalBoneSimulator3D" index="4"]
transform = Transform3D(0.380895, -0.26398575, -0.88613236, -0.1979722, -0.95943516, 0.20072688, -0.90317553, 0.098973714, -0.41770583, -0.506541, 1.1265064, -0.053551383)
joint_offset = Transform3D(1, 0, 0, 0, 1, 0, 0, 0, 1, 5.716204e-06, 9.161521e-06, 3.2073367e-05)
body_offset = Transform3D(1.0000002, -0.00022731721, 0.00024703145, 0.0002271533, 1.0000006, 0.00050794706, -0.00024685264, -0.00050797686, 0.9999999, -5.722046e-06, -9.179115e-06, -3.20673e-05)

[node name="Physical Bone forearm_stretch_r" parent="Monstr/root/Skeleton3D/PhysicalBoneSimulator3D" index="5"]
transform = Transform3D(0.21334578, -0.8861962, 0.41126633, -0.6224892, 0.2011422, 0.75633913, -0.7529879, -0.41737065, -0.5087347, -0.63767743, 0.6932734, 0.015861847)
joint_offset = Transform3D(1, 0, 0, 0, 1, 0, 0, 0, 1, -3.3231408e-06, -3.315272e-06, 0.057836182)
body_offset = Transform3D(1.0000005, -6.905198e-05, 2.7567148e-05, 2.7686357e-05, 0.0002168268, -1.000001, 6.92904e-05, 1.0000001, 0.00021706522, 1.7285347e-06, 0.057836235, -9.23872e-06)

[node name="Physical Bone shoulder_l" parent="Monstr/root/Skeleton3D/PhysicalBoneSimulator3D" index="6"]
transform = Transform3D(-0.58344483, 0.06754876, -0.8093388, -0.15839095, 0.96793586, 0.1949681, 0.79655784, 0.24194509, -0.5540381, 0.2886442, 1.1216768, 0.121955715)
joint_offset = Transform3D(1, 0, 0, 0, 1, 0, 0, 0, 1, 0.0011145804, 0.00014977466, 0.19422784)
body_offset = Transform3D(0.999992, 0.00050473213, -0.00407964, -0.0040793717, -0.0005186647, -0.99999166, -0.0005068183, 1, -0.00051657856, -0.0003222674, 0.19423085, -4.887581e-05)

[node name="Physical Bone arm_stretch_l" parent="Monstr/root/Skeleton3D/PhysicalBoneSimulator3D" index="7"]
transform = Transform3D(0.37287894, 0.44956693, 0.8116963, 0.021066079, -0.878662, 0.47697932, 0.9276408, -0.16075628, -0.3371052, 0.44463497, 1.0841874, 0.22817694)
joint_offset = Transform3D(1, 0, 0, 0, 1, 0, 0, 0, 1, 0, 0, 0)
body_offset = Transform3D(1.0000001, -1.4156103e-06, 0.0001577735, 1.385808e-06, 1.0000007, -0.00044608116, -0.00015807152, 0.00044622272, 0.9999999, 0, 0, 0)

[node name="Physical Bone forearm_stretch_l" parent="Monstr/root/Skeleton3D/PhysicalBoneSimulator3D" index="8"]
transform = Transform3D(0.37121853, 0.81203884, -0.45032173, 0.024189591, 0.47635356, 0.87892103, 0.9282304, -0.33716485, 0.15718839, 0.65304875, 0.67656624, 0.15388454)
joint_offset = Transform3D(1, 0, 0, 0, 1, 0, 0, 0, 1, -1.4954812e-06, -8.579369e-06, 0.057824615)
body_offset = Transform3D(1, 0.00021624565, 1.5586615e-05, 1.5437603e-05, 0.0002680719, -1.0000004, -0.00021645427, 1.0000001, 0.00026793405, 5.9604645e-07, 0.05782464, -6.914139e-06)

[node name="Physical Bone thigh_stretch_l" parent="Monstr/root/Skeleton3D/PhysicalBoneSimulator3D" index="9"]
transform = Transform3D(0.165698, 0.4392729, 0.8829403, 0.6887686, -0.69231313, 0.21517517, 0.7057918, 0.5724875, -0.4172723, 0.20555428, 0.40212488, -0.014157153)
joint_offset = Transform3D(0.999999, 0, 0, 0, 1, 0, 0, 0, 0.999999, 1.9013665e-05, 7.8623043e-07, -6.4681626e-06)
body_offset = Transform3D(1, -0.000418365, -8.428097e-05, 0.000418514, 0.99999946, 0.0006842762, 8.3982944e-05, -0.0006842613, 1, -1.9013882e-05, -7.8976154e-07, 6.467104e-06)

[node name="Physical Bone leg_stretch_l" parent="Monstr/root/Skeleton3D/PhysicalBoneSimulator3D" index="10"]
transform = Transform3D(0.40691802, 0.8824456, -0.2360245, 0.09599543, 0.21564245, 0.9717424, 0.9084067, -0.41807672, 0.0030380527, 0.3051445, 0.19926736, 0.091575675)
joint_offset = Transform3D(1, 0, 0, 0, 1, 0, 0, 0, 1, 6.85311e-06, 9.802673e-07, 0.07699294)
body_offset = Transform3D(1.0000005, -0.0005196035, -3.1328294e-05, -3.1539472e-05, 1.4779624e-05, -1.0000002, 0.0005195737, 1.0000006, 1.4704419e-05, -4.440546e-06, 0.07699295, -2.115965e-06)

[node name="Physical Bone foot_l" parent="Monstr/root/Skeleton3D/PhysicalBoneSimulator3D" index="11"]
transform = Transform3D(-0.962242, 0.21505037, -0.16686426, 0.00016009563, 0.6134782, 0.7897117, 0.27219537, 0.7598671, -0.5903489, 0.33469558, 0.071262255, 0.1315967)
joint_offset = Transform3D(1, 0, 0, 0, 1, 0, 0, 0, 1, 0.00011462943, -0.000121938356, 0.06808077)
body_offset = Transform3D(1.0000001, -0.00020159781, -4.6029687e-05, -4.5642257e-05, 0.0006969869, -0.99999976, 0.00020167232, 1, 0.0006968081, -0.00011152029, 0.06808084, 7.4476004e-05)

[node name="Physical Bone thigh_stretch_r" parent="Monstr/root/Skeleton3D/PhysicalBoneSimulator3D" index="12"]
transform = Transform3D(0.10350289, -0.50272137, -0.8582298, -0.056990925, -0.8644441, 0.49948826, -0.99299514, -0.002787172, -0.118122995, -0.20554702, 0.40214014, -0.014144958)
joint_offset = Transform3D(0.999999, 0, 0, 0, 1, 0, 0, 0, 0.999999, -1.3029929e-06, 5.7537577e-06, 2.2008903e-06)
body_offset = Transform3D(1.0000001, -0.00012888364, -5.313009e-05, 0.00012882613, 0.9999999, -0.0007908991, 5.313754e-05, 0.00079087133, 1.0000001, 1.3038516e-06, -5.751848e-06, -2.2053719e-06)

[node name="Physical Bone leg_stretch_r" parent="Monstr/root/Skeleton3D/PhysicalBoneSimulator3D" index="13"]
transform = Transform3D(0.35527572, -0.858242, 0.37040502, 0.41081953, 0.4992948, 0.76284474, -0.83964664, -0.11885057, 0.52996993, -0.3270379, 0.18336998, -0.055436015)
joint_offset = Transform3D(1, 0, 0, 0, 1, 0, 0, 0, 1, 3.5179666e-05, -5.6941928e-05, 0.07697159)
body_offset = Transform3D(0.9999995, 0.00090221316, -0.0005553663, -0.00055527687, -0.00016090274, -0.99999964, -0.00090237707, 1.0000001, -0.00016040355, 7.61915e-06, 0.076971576, 6.93202e-05)

[node name="Physical Bone foot_r" parent="Monstr/root/Skeleton3D/PhysicalBoneSimulator3D" index="14"]
transform = Transform3D(-0.95020425, -0.24573031, 0.19164717, 0.00036927237, 0.6140987, 0.78922915, -0.31162784, 0.74999964, -0.5834284, -0.3682999, 0.07117626, -0.05624902)
joint_offset = Transform3D(1, 0, 0, 0, 1, 0, 0, 0, 1, 5.208776e-05, 7.61251e-05, 0.06807749)
body_offset = Transform3D(0.9999999, -0.00081169605, 0.00016473234, 0.00016437471, -9.000301e-05, -1.0000001, 0.0008122474, 0.9999998, -8.9854e-05, -6.324053e-05, 0.0680775, -7.005036e-05)

[node name="AnimationPlayer" parent="Monstr" index="2"]
autoplay = "Monstr_idle"
playback_default_blend_time = 0.2
blend_times = [&"Monstr_idle", &"Monstr_angry", 0.2, &"Monstr_idle", &"Monstr_attack_1", 0.2, &"Monstr_idle", &"Monstr_attack_idle", 0.2, &"Monstr_idle", &"Monstr_idle", 0.2, &"Monstr_idle", &"Monstr_knockdown", 0.2, &"Monstr_idle", &"Monstr_walk", 0.2]

[node name="AnimationTree" type="AnimationTree" parent="Monstr"]
tree_root = SubResource("AnimationNodeBlendTree_21xsh")
anim_player = NodePath("../AnimationPlayer")
parameters/locomotion_blend/blend_position = 0.0
parameters/strafe_blend/blend_position = 0.0
parameters/move_mode/current_state = "chase"
parameters/move_mode/transition_request = ""
parameters/move_mode/current_index = 2
parameters/state/current_state = "alive"
parameters/state/transition_request = ""
parameters/state/current_index = 0
parameters/TimeSeek/seek_request = -1.0
parameters/attack_oneshot/active = false
parameters/attack_oneshot/internal_active = false
parameters/attack_oneshot/request = 0
parameters/hit_oneshot/active = false
parameters/hit_oneshot/internal_active = false
parameters/hit_oneshot/request = 0
parameters/attack_idx/current_state = "Attack1"
parameters/attack_idx/transition_request = ""
parameters/attack_idx/current_index = 0
parameters/knockdown_oneshot/active = false
parameters/knockdown_oneshot/internal_active = false
parameters/knockdown_oneshot/request = 0
parameters/chase_blend/blend_position = 0.0

[node name="PunchArea" type="Area3D" parent="Monstr"]

[node name="CollisionShape3D" type="CollisionShape3D" parent="Monstr/PunchArea"]
transform = Transform3D(1, 0, 0, 0, 1, 0, 0, 0, 1, 1.4210855e-14, 1.3604743, 1.4440575)
shape = SubResource("BoxShape3D_msovg")

[node name="CollisionShape3D" type="CollisionShape3D" parent="."]
transform = Transform3D(1, 0, 0, 0, 1, 0, 0, 0, 1, 0, 1, 0)
shape = SubResource("CapsuleShape3D_lw7nh")

[node name="AttackTimer" type="Timer" parent="."]

[node name="SoundBank" type="Node3D" parent="."]

[node name="SfxHurtVoice" type="AudioStreamPlayer3D" parent="SoundBank"]
volume_db = -5.0
max_distance = 15.0
bus = &"SFX"
script = ExtResource("18_4teby")
streams = Array[AudioStream]([ExtResource("19_8edke")])
min_pitch = 1.0
max_pitch = 1.2

[node name="SfxFleshHit" type="AudioStreamPlayer3D" parent="SoundBank"]
volume_db = 80.0
max_db = 6.0
max_distance = 15.0
bus = &"SFX"
script = ExtResource("18_4teby")
streams = Array[AudioStream]([ExtResource("20_ku6gj"), ExtResource("21_8edke"), ExtResource("22_y4tt3"), ExtResource("23_21xsh")])

[node name="SfxDeathImpact" type="AudioStreamPlayer3D" parent="SoundBank"]
volume_db = 10.0
max_db = 6.0
max_distance = 15.0
bus = &"SFX"
script = ExtResource("18_4teby")
streams = Array[AudioStream]([ExtResource("24_y4tt3")])

[node name="GrassCollision" type="MeshInstance3D" parent="."]
transform = Transform3D(1, 0, 0, 0, 1, 0, 0, 0, 1, 0, 0.5, 0)
layers = 65536
material_override = SubResource("ShaderMaterial_rag6w")
mesh = SubResource("SphereMesh_wy1il")

[node name="DebugLabel" type="Label3D" parent="."]
transform = Transform3D(1, 0, 0, 0, 1, 0, 0, 0, 1, 0, 2.680199, 0)
billboard = 1
no_depth_test = true
text = "Debug"
font_size = 22
outline_size = 2

[editable path="Monstr"]
