[gd_scene load_steps=63 format=3 uid="uid://d8g64g8viihh"]

[ext_resource type="Script" uid="uid://ba6qmt80akqib" path="res://entities/enemies/enemy.gd" id="1_ksmh7"]
[ext_resource type="PackedScene" uid="uid://dkh8rsc2pvxl0" path="res://entities/enemies/components/AlertIndicator/alert_indicator.tscn" id="2_lmmiu"]
[ext_resource type="PackedScene" uid="uid://b72gnkqh5atrs" path="res://ui/HealthBar3D/health_bar_3d.tscn" id="2_twyc1"]
[ext_resource type="PackedScene" uid="uid://jwhg4beayert" path="res://ui/health_component/HealthComponent.tscn" id="2_wqcwe"]
[ext_resource type="Script" uid="uid://nqcrxsuj1cdf" path="res://ui/HealthBar3D/enemy_health_bar.gd" id="3_2ggct"]
[ext_resource type="PackedScene" uid="uid://duk5b06ohkpsc" path="res://entities/enemies/monstr.tscn" id="3_5lf1o"]
[ext_resource type="PackedScene" uid="uid://bh7ppnkyaubf7" path="res://vfx/hit_flash/HitFlash.tscn" id="4_msovg"]
[ext_resource type="Script" uid="uid://br8c8ywc11oph" path="res://common/components/combat_component.gd" id="5_2k7wq"]
[ext_resource type="Script" uid="uid://jti4ucm7ho77" path="res://common/components/animation_controller.gd" id="5_ftsks"]
[ext_resource type="Script" uid="uid://cks4om3mks65h" path="res://common/components/movement_component.gd" id="6_2k7wq"]
[ext_resource type="Script" uid="uid://bms48mt88e42c" path="res://entities/enemies/components/vision_component.gd" id="7_56i32"]
[ext_resource type="Script" uid="uid://c55cu0n3gbdfm" path="res://entities/enemies/components/enemy_attack_component.gd" id="8_sb13e"]
[ext_resource type="Script" uid="uid://cbx8244k71rsk" path="res://common/fsm/state_machine.gd" id="9_3udgd"]
[ext_resource type="Script" uid="uid://cxbbb82wp8q2v" path="res://entities/enemies/states/enemy_idle.gd" id="10_xmuku"]
[ext_resource type="Script" uid="uid://cvvgodl7fxgrn" path="res://entities/enemies/states/enemy_patrol.gd" id="11_2ggct"]
[ext_resource type="Script" uid="uid://cbsjg06awuo6g" path="res://entities/enemies/states/enemy_chase.gd" id="12_wy1il"]
[ext_resource type="Script" uid="uid://dirsi2ohsa4hb" path="res://entities/enemies/states/enemy_attack.gd" id="13_53k0f"]
[ext_resource type="Script" uid="uid://c6ccg8dnavfcp" path="res://entities/enemies/states/enemy_frustrated.gd" id="14_u01qb"]
[ext_resource type="Script" uid="uid://bn3bsn15qof6y" path="res://entities/enemies/states/enemy_dead.gd" id="15_4teby"]
[ext_resource type="Script" uid="uid://n1t4ruinfklm" path="res://entities/enemies/states/enemy_combat_stance.gd" id="17_53k0f"]
[ext_resource type="Script" uid="uid://c2im05hged14y" path="res://entities/enemies/states/enemy_flee.gd" id="17_wy1il"]
[ext_resource type="Script" uid="uid://ilu7xai8rnii" path="res://common/utils/random_audio_player_3d.gd" id="18_4teby"]
[ext_resource type="AudioStream" uid="uid://cy6x7q0s5irk7" path="res://assets/audio/mixkit-fantasy-monster-grunt-1977.mp3" id="19_8edke"]
[ext_resource type="AudioStream" uid="uid://bdgv843qcydoo" path="res://assets/audio/mixkit-soft-quick-punch-2151.mp3" id="20_ku6gj"]
[ext_resource type="AudioStream" uid="uid://b0r7fs2xvvu45" path="res://assets/audio/mixkit-strong-punches-to-the-body-2198-3.mp3" id="21_8edke"]
[ext_resource type="AudioStream" uid="uid://dctdgj0rwbvj5" path="res://assets/audio/mixkit-strong-punches-to-the-body-2198-2.mp3" id="22_y4tt3"]
[ext_resource type="AudioStream" uid="uid://brbtr34dd38x8" path="res://assets/audio/mixkit-strong-punches-to-the-body-2198-1.mp3" id="23_21xsh"]
[ext_resource type="AudioStream" uid="uid://q382v6423pvu" path="res://assets/audio/mixkit-impact-of-a-strong-punch-2155.mp3" id="24_y4tt3"]
[ext_resource type="Shader" uid="uid://bxxg6h5x5fm3t" path="res://assets/shaders/GrassCollisionSphere.gdshader" id="25_21xsh"]

[sub_resource type="AnimationNodeAnimation" id="AnimationNodeAnimation_2k7wq"]
animation = &"Monstr_attack_1"

[sub_resource type="AnimationNodeAnimation" id="AnimationNodeAnimation_llg7d"]
animation = &"Monstr_attack_2"

[sub_resource type="AnimationNodeTimeScale" id="AnimationNodeTimeScale_lmmiu"]

[sub_resource type="AnimationNodeAnimation" id="AnimationNodeAnimation_nkaw1"]
animation = &"Monstr_hit"

[sub_resource type="AnimationNodeTimeSeek" id="AnimationNodeTimeSeek_6fcqh"]

[sub_resource type="AnimationNodeAnimation" id="AnimationNodeAnimation_dec5i"]
animation = &"Monstr_angry"

[sub_resource type="AnimationNodeTransition" id="AnimationNodeTransition_0j0it"]
xfade_time = 0.2
input_0/name = "Attack1"
input_0/auto_advance = false
input_0/break_loop_at_end = false
input_0/reset = true
input_1/name = "Attack2"
input_1/auto_advance = false
input_1/break_loop_at_end = false
input_1/reset = true

[sub_resource type="AnimationNodeOneShot" id="AnimationNodeOneShot_712qu"]
filters = ["..", "root/Skeleton3D:arm_stretch.l", "root/Skeleton3D:arm_stretch.r", "root/Skeleton3D:arm_twist.l", "root/Skeleton3D:arm_twist.r", "root/Skeleton3D:forearm_stretch.l", "root/Skeleton3D:forearm_stretch.r", "root/Skeleton3D:forearm_twist.l", "root/Skeleton3D:forearm_twist.r", "root/Skeleton3D:hand.l", "root/Skeleton3D:hand.r", "root/Skeleton3D:head.x", "root/Skeleton3D:neck.x", "root/Skeleton3D:root.x", "root/Skeleton3D:shoulder.l", "root/Skeleton3D:shoulder.r", "root/Skeleton3D:spine_01.x"]
fadein_time = 0.2
fadeout_time = 0.1

[sub_resource type="AnimationNodeAnimation" id="AnimationNodeAnimation_pbvo2"]
animation = &"Monstr_walk"
play_mode = 1

[sub_resource type="AnimationNodeAnimation" id="AnimationNodeAnimation_5ltra"]
animation = &"Monstr_attack_idle"

[sub_resource type="AnimationNodeAnimation" id="AnimationNodeAnimation_t287r"]
animation = &"Monstr_walk"

[sub_resource type="AnimationNodeAnimation" id="AnimationNodeAnimation_tqj2o"]
animation = &"Monstr_run"

[sub_resource type="AnimationNodeBlendSpace1D" id="AnimationNodeBlendSpace1D_21xsh"]
blend_point_0/node = SubResource("AnimationNodeAnimation_pbvo2")
blend_point_0/pos = -1.0
blend_point_1/node = SubResource("AnimationNodeAnimation_5ltra")
blend_point_1/pos = 0.0
blend_point_2/node = SubResource("AnimationNodeAnimation_t287r")
blend_point_2/pos = 1.0
blend_point_3/node = SubResource("AnimationNodeAnimation_tqj2o")
blend_point_3/pos = 2.0
max_space = 2.0

[sub_resource type="AnimationNodeAnimation" id="AnimationNodeAnimation_6ak4d"]
animation = &"Monstr_death"
use_custom_timeline = true
timeline_length = 1.0
stretch_time_scale = true
start_offset = 0.0
loop_mode = 0

[sub_resource type="AnimationNodeOneShot" id="AnimationNodeOneShot_nkaw1"]
filter_enabled = true
filters = ["root/Skeleton3D:c_traj", "root/Skeleton3D:head.x", "root/Skeleton3D:neck.x", "root/Skeleton3D:root.x", "root/Skeleton3D:shoulder.l", "root/Skeleton3D:shoulder.r", "root/Skeleton3D:spine_01.x"]
fadein_time = 0.01
fadeout_time = 0.01

[sub_resource type="AnimationNodeAnimation" id="AnimationNodeAnimation_6fcqh"]
animation = &"Monstr_knockdown"
use_custom_timeline = true
timeline_length = 0.3
stretch_time_scale = true
start_offset = 0.0
loop_mode = 0

[sub_resource type="AnimationNodeOneShot" id="AnimationNodeOneShot_dec5i"]
filters = ["root/Skeleton3D:arm_stretch.l", "root/Skeleton3D:arm_stretch.r", "root/Skeleton3D:arm_twist.l", "root/Skeleton3D:arm_twist.r", "root/Skeleton3D:forearm_stretch.l", "root/Skeleton3D:forearm_stretch.r", "root/Skeleton3D:forearm_twist.l", "root/Skeleton3D:forearm_twist.r", "root/Skeleton3D:hand.l", "root/Skeleton3D:hand.r", "root/Skeleton3D:head.x", "root/Skeleton3D:neck.x", "root/Skeleton3D:root.x", "root/Skeleton3D:shoulder.l", "root/Skeleton3D:shoulder.r", "root/Skeleton3D:spine_01.x"]
fadein_time = 0.1
fadeout_time = 0.1

[sub_resource type="AnimationNodeAnimation" id="AnimationNodeAnimation_21xsh"]
animation = &"Monstr_idle"
advance_on_start = true

[sub_resource type="AnimationNodeAnimation" id="AnimationNodeAnimation_rag6w"]
animation = &"Monstr_walk"

[sub_resource type="AnimationNodeAnimation" id="AnimationNodeAnimation_ftsks"]
animation = &"Monstr_run"

[sub_resource type="AnimationNodeAnimation" id="AnimationNodeAnimation_712qu"]
animation = &"Monstr_walk"
play_mode = 1

[sub_resource type="AnimationNodeBlendSpace1D" id="AnimationNodeBlendSpace1D_2k7wq"]
blend_point_0/node = SubResource("AnimationNodeAnimation_21xsh")
blend_point_0/pos = 0.0
blend_point_1/node = SubResource("AnimationNodeAnimation_rag6w")
blend_point_1/pos = 1.0
blend_point_2/node = SubResource("AnimationNodeAnimation_ftsks")
blend_point_2/pos = 2.0
blend_point_3/node = SubResource("AnimationNodeAnimation_712qu")
blend_point_3/pos = -1.0
max_space = 2.0

[sub_resource type="AnimationNodeTransition" id="AnimationNodeTransition_pbvo2"]
xfade_time = 0.2
input_0/name = "normal"
input_0/auto_advance = false
input_0/break_loop_at_end = false
input_0/reset = true
input_1/name = "strafe"
input_1/auto_advance = false
input_1/break_loop_at_end = false
input_1/reset = true
input_2/name = "chase"
input_2/auto_advance = false
input_2/break_loop_at_end = false
input_2/reset = true

[sub_resource type="AnimationNodeTransition" id="AnimationNodeTransition_5ltra"]
xfade_time = 0.2
input_0/name = "alive"
input_0/auto_advance = false
input_0/break_loop_at_end = false
input_0/reset = true
input_1/name = "dead"
input_1/auto_advance = false
input_1/break_loop_at_end = false
input_1/reset = true
input_2/name = "angry"
input_2/auto_advance = false
input_2/break_loop_at_end = false
input_2/reset = true

[sub_resource type="AnimationNodeAnimation" id="AnimationNodeAnimation_lmmiu"]
animation = &"Monstr_walk_strafe_l"

[sub_resource type="AnimationNodeAnimation" id="AnimationNodeAnimation_vkm0h"]
animation = &"Monstr_walk_strafe_r"

[sub_resource type="AnimationNodeAnimation" id="AnimationNodeAnimation_0j0it"]
animation = &"Monstr_attack_idle"

[sub_resource type="AnimationNodeBlendSpace1D" id="AnimationNodeBlendSpace1D_llg7d"]
blend_point_0/node = SubResource("AnimationNodeAnimation_lmmiu")
blend_point_0/pos = -1.0
blend_point_1/node = SubResource("AnimationNodeAnimation_vkm0h")
blend_point_1/pos = 1.0
blend_point_2/node = SubResource("AnimationNodeAnimation_0j0it")
blend_point_2/pos = 0.0

[sub_resource type="AnimationNodeBlendTree" id="AnimationNodeBlendTree_21xsh"]
nodes/output/position = Vector2(1376, 192)
nodes/locomotion_blend/node = SubResource("AnimationNodeBlendSpace1D_2k7wq")
nodes/locomotion_blend/position = Vector2(144, -624)
nodes/strafe_blend/node = SubResource("AnimationNodeBlendSpace1D_llg7d")
nodes/strafe_blend/position = Vector2(144, -464)
nodes/move_mode/node = SubResource("AnimationNodeTransition_pbvo2")
nodes/move_mode/position = Vector2(336, -416)
nodes/state/node = SubResource("AnimationNodeTransition_5ltra")
nodes/state/position = Vector2(1216, 144)
nodes/dead/node = SubResource("AnimationNodeAnimation_6ak4d")
nodes/dead/position = Vector2(1024, 208)
nodes/angry/node = SubResource("AnimationNodeAnimation_dec5i")
nodes/angry/position = Vector2(864, 400)
nodes/TimeSeek/node = SubResource("AnimationNodeTimeSeek_6fcqh")
nodes/TimeSeek/position = Vector2(1056, 384)
nodes/attack_oneshot/node = SubResource("AnimationNodeOneShot_712qu")
nodes/attack_oneshot/position = Vector2(656, -208)
nodes/hit_oneshot/node = SubResource("AnimationNodeOneShot_nkaw1")
nodes/hit_oneshot/position = Vector2(832, -144)
nodes/attack_idx/node = SubResource("AnimationNodeTransition_0j0it")
nodes/attack_idx/position = Vector2(336, -160)
nodes/Attack1/node = SubResource("AnimationNodeAnimation_2k7wq")
nodes/Attack1/position = Vector2(144, -128)
nodes/Attack2/node = SubResource("AnimationNodeAnimation_llg7d")
nodes/Attack2/position = Vector2(144, 32)
nodes/Hit/node = SubResource("AnimationNodeAnimation_nkaw1")
nodes/Hit/position = Vector2(624, 96)
nodes/knockdown_oneshot/node = SubResource("AnimationNodeOneShot_dec5i")
nodes/knockdown_oneshot/position = Vector2(1008, -64)
nodes/knockdown/node = SubResource("AnimationNodeAnimation_6fcqh")
nodes/knockdown/position = Vector2(784, 128)
nodes/chase_blend/node = SubResource("AnimationNodeBlendSpace1D_21xsh")
nodes/chase_blend/position = Vector2(144, -304)
nodes/AttackSpeed/node = SubResource("AnimationNodeTimeScale_lmmiu")
nodes/AttackSpeed/position = Vector2(496, -96)
node_connections = [&"output", 0, &"state", &"move_mode", 0, &"locomotion_blend", &"move_mode", 1, &"strafe_blend", &"move_mode", 2, &"chase_blend", &"state", 0, &"knockdown_oneshot", &"state", 1, &"dead", &"state", 2, &"TimeSeek", &"TimeSeek", 0, &"angry", &"attack_oneshot", 0, &"move_mode", &"attack_oneshot", 1, &"AttackSpeed", &"hit_oneshot", 0, &"attack_oneshot", &"hit_oneshot", 1, &"Hit", &"attack_idx", 0, &"Attack1", &"attack_idx", 1, &"Attack2", &"knockdown_oneshot", 0, &"hit_oneshot", &"knockdown_oneshot", 1, &"knockdown", &"AttackSpeed", 0, &"attack_idx"]

[sub_resource type="BoxShape3D" id="BoxShape3D_msovg"]
size = Vector3(2.2810059, 1.8234692, 2.4621277)

[sub_resource type="CapsuleShape3D" id="CapsuleShape3D_lw7nh"]

[sub_resource type="ShaderMaterial" id="ShaderMaterial_rag6w"]
render_priority = 0
shader = ExtResource("25_21xsh")

[sub_resource type="SphereMesh" id="SphereMesh_wy1il"]

[node name="Enemy" type="CharacterBody3D" groups=["enemies", "level_detail_objects"]]
collision_layer = 4
collision_mask = 91
collision_priority = 0.6
script = ExtResource("1_ksmh7")
show_debug_label = false
help_radius = 8.0
agent_radius = 0.5
retreat_speed = 1.5
attack_rotation_speed = 5.0

[node name="VisibleOnScreenNotifier3D" type="VisibleOnScreenNotifier3D" parent="."]
aabb = AABB(-1.0936372, -0.47408557, -0.99435246, 2.1872745, 2.4518332, 1.9887049)

[node name="AlertIndicator" parent="." instance=ExtResource("2_lmmiu")]
transform = Transform3D(1, 0, 0, 0, 1, 0, 0, 0, 1, 0, 2.6, 0)
aggro_color = Color(1, 1, 0, 0.78431374)
attack_color = Color(1, 0, 0, 0.78431374)

[node name="HealthBar3D" parent="." instance=ExtResource("2_twyc1")]
transform = Transform3D(1, 0, 0, 0, 1, 0, 0, 0, 1, 0, 2.175171, 0)
script = ExtResource("3_2ggct")
fade_delay = 5.0

[node name="Components" type="Node" parent="."]

[node name="HealthComponent" parent="Components" instance=ExtResource("2_wqcwe")]
max_health = 8.0

[node name="AnimationController" type="Node" parent="Components" node_paths=PackedStringArray("anim_tree")]
script = ExtResource("5_ftsks")
anim_tree = NodePath("../../Monstr/AnimationTree")

[node name="CombatComponent" type="Node" parent="Components" node_paths=PackedStringArray("punch_hand_r", "punch_hand_l", "attack_area")]
script = ExtResource("5_2k7wq")
faction = 1
self_recoil_strength = 2.5
attack_cooldown = 1.5
combo_window_time = 0.5
combo_cooldown_after_combo = 0.01
attack_roll_cancel_threshold = 0.5
kb_strength_normal = 5.0
kb_height_normal = 8.0
hs_prop_time_scale = 0.5
hs_prop_duration = 0.01
hs_normal_time_scale = 0.4
hs_normal_duration = 0.01
hs_finisher_time_scale = 0.3
hs_finisher_duration = 0.01
punch_hand_r = NodePath("../../Monstr/HitboxesContainer/punch_hand_r")
punch_hand_l = NodePath("../../Monstr/HitboxesContainer/punch_hand_l")
attack_area = NodePath("../../Monstr/PunchArea")

[node name="MovementComponent" type="Node" parent="Components"]
script = ExtResource("6_2k7wq")
rotation_speed = 5.0
acceleration = 5.0
push_force = 2500.0
roll_push_multiplier = 1.5
jump_height = 1.45
jump_time_to_peak = 0.3
jump_time_to_descent = 0.25
second_jump_multiplier = 1.4

[node name="EnemyAttackComponent" type="Node" parent="Components"]
script = ExtResource("8_sb13e")
tactical_retreat_distance = 3.0
retreat_interrupt_range = 0.8

[node name="VisionComponent" type="Node3D" parent="Components"]
script = ExtResource("7_56i32")
sight_range = 6.0
lost_sight_range = 8.0
proximity_detection_range = 2.5
scan_interval = 0.5

[node name="StateMachine" type="Node" parent="." node_paths=PackedStringArray("initial_state")]
script = ExtResource("9_3udgd")
initial_state = NodePath("Idle")

[node name="Idle" type="Node" parent="StateMachine"]
script = ExtResource("10_xmuku")

[node name="Patrol" type="Node" parent="StateMachine"]
script = ExtResource("11_2ggct")

[node name="Chase" type="Node" parent="StateMachine"]
script = ExtResource("12_wy1il")

[node name="Attack" type="Node" parent="StateMachine"]
script = ExtResource("13_53k0f")
warning_lead_time = 0.6

[node name="Frustrated" type="Node" parent="StateMachine"]
script = ExtResource("14_u01qb")

[node name="Dead" type="Node" parent="StateMachine"]
script = ExtResource("15_4teby")

[node name="Flee" type="Node" parent="StateMachine"]
script = ExtResource("17_wy1il")
flee_speed = 1.0

[node name="CombatStance" type="Node" parent="StateMachine"]
script = ExtResource("17_53k0f")

[node name="HitFlash" parent="." instance=ExtResource("4_msovg")]
mesh_path = NodePath("../Monstr/root/Skeleton3D/Monstr")
flash_time = 0.2

[node name="NavigationAgent3D" type="NavigationAgent3D" parent="."]
path_desired_distance = 0.75
avoidance_enabled = true
neighbor_distance = 10.0
max_neighbors = 5
time_horizon_agents = 0.5
time_horizon_obstacles = 1.0
max_speed = 20.0

[node name="Monstr" parent="." instance=ExtResource("3_5lf1o")]

[node name="punch_hand_r" parent="Monstr/HitboxesContainer" index="0"]
transform = Transform3D(-0.1643394, -0.10347472, -0.98096144, -0.22019978, -0.9654009, 0.13875239, -0.96151084, 0.23877628, 0.1358874, -0.72903764, 0.380476, 0.14628601)

[node name="punch_hand_l" parent="Monstr/HitboxesContainer" index="1"]
transform = Transform3D(-0.16229981, 0.094571605, 0.9821984, 0.22168764, -0.96624476, 0.12970863, 0.9615074, 0.23874356, 0.13588674, 0.75123435, 0.3694064, 0.1686701)

[node name="Skeleton3D" parent="Monstr/root" index="0"]
bones/1/position = Vector3(5.517646e-11, 0.42458662, -0.003764769)
bones/1/rotation = Quaternion(0.042217515, -2.1071057e-06, -8.685672e-08, 0.9991085)
bones/2/position = Vector3(-0.022978025, 0.2605239, -0.02026647)
bones/2/rotation = Quaternion(-0.0014596685, -0.015156215, -0.02603758, 0.9995451)
bones/2/scale = Vector3(0.99999994, 0.9999999, 0.9999999)
bones/3/rotation = Quaternion(0.23842315, 3.128357e-06, 4.6795194e-06, 0.9711614)
bones/4/position = Vector3(-7.912331e-09, 0.06338386, -2.648917e-07)
bones/4/rotation = Quaternion(-0.23607646, -4.1403596e-06, -4.778617e-06, 0.9717346)
bones/4/scale = Vector3(1, 1.0000001, 1)
bones/5/position = Vector3(-0.12701668, 0.47739205, -0.018639944)
bones/5/rotation = Quaternion(-0.50328225, 0.47770002, 0.5925264, 0.40917268)
bones/6/rotation = Quaternion(-0.5202477, 0.19206692, -0.21812308, 0.8030411)
bones/6/scale = Vector3(1.0000002, 0.99999917, 1)
bones/7/rotation = Quaternion(1.9503899e-08, -0.28943193, -2.7745081e-08, 0.9571987)
bones/7/scale = Vector3(1.0000002, 1.0000008, 0.9999997)
bones/8/rotation = Quaternion(6.026848e-08, -1.1393115e-08, 0.42777416, 0.9038858)
bones/8/scale = Vector3(1.0000006, 0.9999998, 1)
bones/9/rotation = Quaternion(6.657439e-08, -0.23183809, 1.5149682e-08, 0.9727544)
bones/10/rotation = Quaternion(-0.20715052, -0.20017427, -0.20799346, 0.93475)
bones/10/scale = Vector3(0.9999991, 0.9999995, 0.9999994)
bones/11/position = Vector3(0.13084684, 0.47340155, -0.047634125)
bones/11/rotation = Quaternion(0.5738763, 0.3806284, 0.5379449, -0.48621318)
bones/12/rotation = Quaternion(-0.47980937, -0.22574858, -0.007974951, 0.8477954)
bones/12/scale = Vector3(1.0000001, 1.0000006, 1.0000004)
bones/13/rotation = Quaternion(-1.658625e-08, 0.150499, -4.066666e-08, 0.98861015)
bones/13/scale = Vector3(0.9999997, 0.99999976, 0.99999976)
bones/14/rotation = Quaternion(-3.8754475e-08, -4.5056908e-08, -0.44098738, 0.8975133)
bones/14/scale = Vector3(0.9999997, 0.9999999, 0.99999994)
bones/15/rotation = Quaternion(-4.161832e-08, 0.27580667, -3.4319413e-08, 0.9612132)
bones/16/rotation = Quaternion(-0.2246569, 0.18855083, 0.34440327, 0.891832)
bones/16/scale = Vector3(0.99999905, 0.9999991, 0.9999994)
bones/17/rotation = Quaternion(0.7495036, 0.39408857, 0.51068056, 0.14880826)
bones/17/scale = Vector3(0.99999994, 1.0000001, 0.9999997)
bones/18/rotation = Quaternion(-6.5655588e-09, 0.15591887, 6.242958e-08, 0.9877699)
bones/19/rotation = Quaternion(2.2075145e-08, -2.722339e-08, 0.3313822, 0.94349664)
bones/19/scale = Vector3(0.99999964, 0.9999998, 0.99999976)
bones/20/rotation = Quaternion(0.10666609, 0.6972949, -0.29184067, 0.6459344)
bones/20/scale = Vector3(1.0000004, 1.0000002, 1.0000001)
bones/21/rotation = Quaternion(-4.918134e-07, 0.91525155, 0.4028828, -5.757998e-07)
bones/22/rotation = Quaternion(-1.061111e-07, 0.08492866, 1.2482369e-07, 0.9963871)
bones/23/rotation = Quaternion(0.7295772, -0.21812448, -0.6319184, -0.14428489)
bones/23/scale = Vector3(0.99999994, 0.9999999, 0.9999997)
bones/24/rotation = Quaternion(-1.0139599e-09, -0.039354105, 4.4765867e-09, 0.9992254)
bones/25/rotation = Quaternion(-8.204702e-08, -6.5313046e-08, -0.27036664, 0.96275747)
bones/25/scale = Vector3(0.99999994, 1.0000001, 0.9999997)
bones/26/rotation = Quaternion(0.180326, -0.5029918, 0.53114015, 0.6575499)
bones/26/scale = Vector3(1.0000002, 1, 1)
bones/27/rotation = Quaternion(3.8668566e-07, 0.91525155, 0.40288314, 4.4961544e-07)
bones/28/rotation = Quaternion(2.8939816e-08, 0.0037599704, 2.4508913e-09, 0.999993)

[node name="Monstr" parent="Monstr/root/Skeleton3D" index="0"]
layers = 2

[node name="hand_r" parent="Monstr/root/Skeleton3D" index="1"]
transform = Transform3D(-0.1625556, -0.09573722, -0.98204327, -0.2210418, -0.96645117, 0.13080613, -0.9616209, 0.23833603, 0.13594061, -0.71080405, 0.564541, 0.10089384)

[node name="RemoteTransform3D" parent="Monstr/root/Skeleton3D/hand_r" index="0"]
transform = Transform3D(1, 0, 0, 0, 1, 0, 0, 0, 1, 0, 0.19045451, 4.656613e-10)

[node name="hand_l" parent="Monstr/root/Skeleton3D" index="2"]
transform = Transform3D(-0.16026795, 0.0857058, 0.98334527, 0.22271636, -0.9673925, 0.120614156, 0.961618, 0.23833787, 0.13595384, 0.7349113, 0.5536507, 0.123277575)

[node name="RemoteTransform3D" parent="Monstr/root/Skeleton3D/hand_l" index="0"]
transform = Transform3D(1, 0, 0, 0, 1, 0, 0, 0, 1, 0, 0.19045451, 4.656613e-10)

[node name="Physical Bone root_x" parent="Monstr/root/Skeleton3D/PhysicalBoneSimulator3D" index="0"]
transform = Transform3D(1, -6.9045886e-06, 8.0916726e-07, 2.2381448e-07, -0.0843596, -0.99643546, 6.9482376e-06, 0.9964354, -0.0843596, -4.473927e-06, 0.5675942, 0.00855848)
joint_offset = Transform3D(1, 0, 0, 0, 1, 0, 0, 0, 1, 4.3556925e-06, -0.00021522402, 0.14353733)
body_offset = Transform3D(1, -2.8610234e-06, 8.195633e-07, 8.1956387e-07, 2.4586916e-07, -1.0000001, 2.8610234e-06, 1.0000001, 2.5331974e-07, -4.4739463e-06, 0.14353734, 0.00021518767)

[node name="Physical Bone spine_01_x" parent="Monstr/root/Skeleton3D/PhysicalBoneSimulator3D" index="1"]
transform = Transform3D(0.99818146, -0.030237675, -0.05214927, -0.054445457, -0.080880165, -0.99523574, 0.025875773, 0.99626505, -0.082379386, -0.0099338945, 0.9344588, 0.018532922)
joint_offset = Transform3D(1, 0, 0, 0, 1, 0, 0, 0, 1, -1.778893e-05, 6.098717e-05, 0.24975315)
body_offset = Transform3D(1.0000001, 2.2593886e-06, -6.134692e-05, -6.1350176e-05, -0.00025458634, -1.0000002, -2.272427e-06, 1.0000001, -0.00025458634, 3.311038e-05, 0.24975324, 2.5965273e-06)

[node name="Physical Bone neck_x" parent="Monstr/root/Skeleton3D/PhysicalBoneSimulator3D" index="2"]
transform = Transform3D(0.99817693, -0.05093545, -0.032379005, -0.054589473, -0.5330679, -0.84430957, 0.025745077, 0.8445379, -0.5348766, 0.003370643, 1.1967751, 0.05518519)
joint_offset = Transform3D(1, 0, 0, 0, 1, 0, 0, 0, 1, 1.1787515e-05, 4.2249685e-05, 0.032348234)
body_offset = Transform3D(1.0000001, -1.3913959e-06, -0.00025464315, -0.00025464408, -0.0008382499, -1.0000001, 1.1716038e-06, 1, -0.0008380711, -3.5502017e-06, 0.032348275, -1.513958e-05)

[node name="Physical Bone shoulder_r" parent="Monstr/root/Skeleton3D/PhysicalBoneSimulator3D" index="3"]
transform = Transform3D(-0.12729537, -0.15629667, 0.97947294, 0.09264859, 0.98131526, 0.16863155, -0.98752826, 0.1122128, -0.11043623, -0.319964, 1.1357316, 0.037378184)
joint_offset = Transform3D(1, 0, 0, 0, 1, 0, 0, 0, 1, -4.3198866e-05, 2.2952125e-05, 0.19973147)
body_offset = Transform3D(0.99999976, -0.00022066385, -0.0009857416, -0.0009856373, 0.0010558227, -0.99999875, 0.00022170693, 0.99999946, 0.0010555517, 0.00024008751, 0.19973114, -0.00023376942)

[node name="Physical Bone arm_stretch_r" parent="Monstr/root/Skeleton3D/PhysicalBoneSimulator3D" index="4"]
transform = Transform3D(0.44399977, -0.2316324, -0.8655696, 0.08901326, -0.9498276, 0.2998404, -0.89159465, -0.21017621, -0.40110484, -0.50299335, 1.1046003, 0.05849912)
joint_offset = Transform3D(1, 0, 0, 0, 1, 0, 0, 0, 1, -1.4288923e-05, 1.8832712e-05, 5.2133626e-05)
body_offset = Transform3D(0.9999994, -0.00024537742, -0.0010795891, 0.00024680793, 1, 0.0012561604, 0.0010794997, -0.0012566224, 0.99999857, 1.4349818e-05, -1.8894672e-05, -5.209446e-05)

[node name="Physical Bone forearm_stretch_r" parent="Monstr/root/Skeleton3D/PhysicalBoneSimulator3D" index="5"]
transform = Transform3D(0.101759575, -0.8646804, 0.49190736, -0.67731124, 0.30194637, 0.67087847, -0.72862506, -0.40144265, -0.5549318, -0.6263154, 0.679798, 0.0054176077)
joint_offset = Transform3D(1, 0, 0, 0, 1, 0, 0, 0, 1, -3.4685945e-06, 1.946253e-05, 0.058647897)
body_offset = Transform3D(0.99999946, -0.0008036494, -0.00041419268, -0.00041356683, -0.00040586293, -1.0000001, 0.0008034706, 0.9999995, -0.00040599704, 2.7775764e-05, 0.058647916, 4.351139e-06)

[node name="Physical Bone shoulder_l" parent="Monstr/root/Skeleton3D/PhysicalBoneSimulator3D" index="6"]
transform = Transform3D(0.08028591, 0.29631165, -0.95171094, -0.17037483, 0.9448216, 0.27979395, 0.9821031, 0.13968408, 0.12633993, 0.32248345, 1.0986677, -0.03683903)
joint_offset = Transform3D(1, 0, 0, 0, 1, 0, 0, 0, 1, 0.0045914436, 0.00027992102, 0.19880162)
body_offset = Transform3D(0.99985826, 0.0025451332, -0.016668528, -0.016669616, 0.00039271452, -0.99986106, -0.002538249, 0.9999968, 0.00043511204, -0.0012777746, 0.19885042, -0.00035476685)

[node name="Physical Bone arm_stretch_l" parent="Monstr/root/Skeleton3D/PhysicalBoneSimulator3D" index="7"]
transform = Transform3D(0.3950239, 0.29584077, 0.8697324, 0.15787274, -0.9545058, 0.2529723, 0.9050041, 0.03737693, -0.42375776, 0.50117964, 1.0468504, -0.062323965)
joint_offset = Transform3D(1, 0, 0, 0, 1, 0, 0, 0, 1, 0, 0, 0)
body_offset = Transform3D(0.9999999, 6.3985586e-05, 0.00050127506, -6.368011e-05, 0.99999946, -0.00040855072, -0.0005014837, 0.00040842034, 0.99999946, 0, 0, 0)

[node name="Physical Bone forearm_stretch_l" parent="Monstr/root/Skeleton3D/PhysicalBoneSimulator3D" index="8"]
transform = Transform3D(0.0076494985, 0.87019, -0.49265686, 0.8517043, 0.2524813, 0.4591874, 0.52396697, -0.4231105, -0.7392132, 0.65004337, 0.632442, -0.0037773512)
joint_offset = Transform3D(1, 0, 0, 0, 1, 0, 0, 0, 1, -4.933178e-05, -4.849783e-05, 0.058603257)
body_offset = Transform3D(0.99999964, 0.00055360794, 0.00071308017, 0.00071305037, 0.0010764003, -0.9999992, -0.0005544424, 0.9999991, 0.0010762811, 7.56979e-06, 0.058603294, -1.4603138e-05)

[node name="Physical Bone thigh_stretch_l" parent="Monstr/root/Skeleton3D/PhysicalBoneSimulator3D" index="9"]
transform = Transform3D(0.16873804, 0.4382321, 0.88288176, 0.6851502, -0.69608283, 0.21456441, 0.7085879, 0.5687014, -0.41771048, 0.20558093, 0.40234295, -0.014173929)
joint_offset = Transform3D(0.999999, 0, 0, 0, 1, 0, 0, 0, 0.999999, 1.0440994e-05, 3.42911e-05, -5.1728563e-05)
body_offset = Transform3D(0.99999976, -0.0005926192, -0.000772208, 0.0005930662, 0.9999996, 0.00047574937, 0.00077185035, -0.00047628582, 0.9999999, -1.0460615e-05, -3.427267e-05, 5.173683e-05)

[node name="Physical Bone leg_stretch_l" parent="Monstr/root/Skeleton3D/PhysicalBoneSimulator3D" index="10"]
transform = Transform3D(0.40529126, 0.88275623, -0.23765622, 0.10047229, 0.21537817, 0.9713484, 0.90864974, -0.41755685, -0.0014016513, 0.30530685, 0.19771953, 0.09125092)
joint_offset = Transform3D(1, 0, 0, 0, 1, 0, 0, 0, 1, 2.8547933e-05, -3.844795e-06, 0.07809644)
body_offset = Transform3D(1.0000004, -0.00013491511, -0.0005483447, -0.0005485745, 3.4024823e-05, -1, 0.00013491511, 1.0000006, 3.391772e-05, 1.4275312e-05, 0.078096464, 1.1920929e-06)

[node name="Physical Bone foot_l" parent="Monstr/root/Skeleton3D/PhysicalBoneSimulator3D" index="11"]
transform = Transform3D(-0.9618592, 0.21627888, -0.16748214, 0.00086372223, 0.61466384, 0.78878874, 0.27354354, 0.7585591, -0.5914069, 0.33536983, 0.07009801, 0.13238999)
joint_offset = Transform3D(1, 0, 0, 0, 1, 0, 0, 0, 1, 0.0005155062, -0.00035865663, 0.06924756)
body_offset = Transform3D(0.99999857, -0.0017396659, 0.0002606213, 0.0002593994, -0.0008062422, -0.9999994, 0.0017397702, 0.99999845, -0.0008059144, -0.0005341768, 0.0692471, 0.00041356683)

[node name="Physical Bone thigh_stretch_r" parent="Monstr/root/Skeleton3D/PhysicalBoneSimulator3D" index="12"]
transform = Transform3D(0.10535743, -0.5041942, -0.85713947, -0.052376196, -0.8635537, 0.5015294, -0.99305415, -0.007946143, -0.11738958, -0.20549934, 0.40232027, -0.014129398)
joint_offset = Transform3D(0.999999, 0, 0, 0, 1, 0, 0, 0, 0.999999, -5.904563e-06, 3.0695002e-05, 4.258559e-05)
body_offset = Transform3D(0.9999999, -0.00045548938, -0.0007219538, 0.0004525464, 0.9999917, -0.004097563, 0.00072381645, 0.0040972964, 0.9999916, 5.9492886e-06, -3.0517578e-05, -4.2706728e-05)

[node name="Physical Bone leg_stretch_r" parent="Monstr/root/Skeleton3D/PhysicalBoneSimulator3D" index="13"]
transform = Transform3D(0.35690048, -0.8561184, 0.3737424, 0.40562457, 0.50243455, 0.7635629, -0.8414813, -0.12091686, 0.52658176, -0.3275182, 0.18251157, -0.056528993)
joint_offset = Transform3D(1, 0, 0, 0, 1, 0, 0, 0, 1, 0.00018869847, -0.000100229474, 0.07801659)
body_offset = Transform3D(0.9999821, 0.00521899, -0.0030009449, -0.0029848814, -0.0031009838, -0.9999907, -0.0052282587, 0.999982, -0.0030853413, 4.5951456e-05, 0.07801611, 0.00034192204)

[node name="Physical Bone foot_r" parent="Monstr/root/Skeleton3D/PhysicalBoneSimulator3D" index="14"]
transform = Transform3D(-0.95011085, -0.24490277, 0.19316329, 0.0020310471, 0.61441594, 0.7889797, -0.31190592, 0.75001043, -0.58326584, -0.3682238, 0.06962104, -0.055710275)
joint_offset = Transform3D(1, 0, 0, 0, 1, 0, 0, 0, 1, 0.00040790648, 0.0003673709, 0.069269724)
body_offset = Transform3D(0.999998, -0.0016016066, -0.0013265461, -0.0013275743, -0.00049233437, -0.99999917, 0.001601398, 0.9999987, -0.00049448013, -0.00031542778, 0.06927039, -0.0003337711)

[node name="AnimationPlayer" parent="Monstr" index="2"]
callback_mode_process = 2
autoplay = "Monstr_idle"
playback_default_blend_time = 0.2
blend_times = [&"Monstr_idle", &"Monstr_angry", 0.2, &"Monstr_idle", &"Monstr_attack_1", 0.2, &"Monstr_idle", &"Monstr_attack_idle", 0.2, &"Monstr_idle", &"Monstr_idle", 0.2, &"Monstr_idle", &"Monstr_knockdown", 0.2, &"Monstr_idle", &"Monstr_walk", 0.2]

[node name="AnimationTree" type="AnimationTree" parent="Monstr"]
tree_root = SubResource("AnimationNodeBlendTree_21xsh")
anim_player = NodePath("../AnimationPlayer")
parameters/locomotion_blend/blend_position = 0.0
parameters/strafe_blend/blend_position = 0.0
parameters/move_mode/current_state = "chase"
parameters/move_mode/transition_request = ""
parameters/move_mode/current_index = 2
parameters/state/current_state = "alive"
parameters/state/transition_request = ""
parameters/state/current_index = 0
parameters/TimeSeek/seek_request = -1.0
parameters/attack_oneshot/active = false
parameters/attack_oneshot/internal_active = false
parameters/attack_oneshot/request = 0
parameters/hit_oneshot/active = false
parameters/hit_oneshot/internal_active = false
parameters/hit_oneshot/request = 0
parameters/attack_idx/current_state = "Attack1"
parameters/attack_idx/transition_request = ""
parameters/attack_idx/current_index = 0
parameters/knockdown_oneshot/active = false
parameters/knockdown_oneshot/internal_active = false
parameters/knockdown_oneshot/request = 0
parameters/chase_blend/blend_position = 0.0
parameters/AttackSpeed/scale = 1.0

[node name="PunchArea" type="Area3D" parent="Monstr"]
collision_layer = 2

[node name="CollisionShape3D" type="CollisionShape3D" parent="Monstr/PunchArea"]
transform = Transform3D(1, 0, 0, 0, 1, 0, 0, 0, 1, 1.4210855e-14, 1.1625726, 1.4440575)
shape = SubResource("BoxShape3D_msovg")

[node name="CollisionShape3D" type="CollisionShape3D" parent="."]
transform = Transform3D(1, 0, 0, 0, 1, 0, 0, 0, 1, 0, 1, 0)
shape = SubResource("CapsuleShape3D_lw7nh")

[node name="AttackTimer" type="Timer" parent="."]

[node name="SoundBank" type="Node3D" parent="."]

[node name="SfxHurtVoice" type="AudioStreamPlayer3D" parent="SoundBank"]
volume_db = -5.0
max_distance = 15.0
bus = &"SFX"
script = ExtResource("18_4teby")
streams = Array[AudioStream]([ExtResource("19_8edke")])
min_pitch = 1.0
max_pitch = 1.2

[node name="SfxFleshHit" type="AudioStreamPlayer3D" parent="SoundBank"]
volume_db = 80.0
max_db = 6.0
max_distance = 15.0
bus = &"SFX"
script = ExtResource("18_4teby")
streams = Array[AudioStream]([ExtResource("20_ku6gj"), ExtResource("21_8edke"), ExtResource("22_y4tt3"), ExtResource("23_21xsh")])

[node name="SfxDeathImpact" type="AudioStreamPlayer3D" parent="SoundBank"]
volume_db = 10.0
max_db = 6.0
max_distance = 15.0
bus = &"SFX"
script = ExtResource("18_4teby")
streams = Array[AudioStream]([ExtResource("24_y4tt3")])

[node name="GrassCollision" type="MeshInstance3D" parent="."]
transform = Transform3D(1, 0, 0, 0, 1, 0, 0, 0, 1, 0, 0.5, 0)
layers = 65536
material_override = SubResource("ShaderMaterial_rag6w")
mesh = SubResource("SphereMesh_wy1il")

[node name="DebugLabel" type="Label3D" parent="."]
transform = Transform3D(1, 0, 0, 0, 1, 0, 0, 0, 1, 0, 2.680199, 0)
billboard = 1
no_depth_test = true
text = "Debug"
font_size = 22
outline_size = 2

[connection signal="screen_entered" from="VisibleOnScreenNotifier3D" to="." method="_on_visible_on_screen_notifier_3d_screen_entered"]
[connection signal="screen_exited" from="VisibleOnScreenNotifier3D" to="." method="_on_visible_on_screen_notifier_3d_screen_exited"]

[editable path="Monstr"]
