[gd_scene load_steps=62 format=3 uid="uid://d8g64g8viihh"]

[ext_resource type="Script" uid="uid://ba6qmt80akqib" path="res://entities/enemies/enemy.gd" id="1_ksmh7"]
[ext_resource type="PackedScene" uid="uid://dkh8rsc2pvxl0" path="res://entities/enemies/components/AlertIndicator/alert_indicator.tscn" id="2_lmmiu"]
[ext_resource type="PackedScene" uid="uid://b72gnkqh5atrs" path="res://ui/HealthBar3D/health_bar_3d.tscn" id="2_twyc1"]
[ext_resource type="PackedScene" uid="uid://jwhg4beayert" path="res://ui/health_component/HealthComponent.tscn" id="2_wqcwe"]
[ext_resource type="Script" uid="uid://nqcrxsuj1cdf" path="res://ui/HealthBar3D/enemy_health_bar.gd" id="3_2ggct"]
[ext_resource type="PackedScene" uid="uid://duk5b06ohkpsc" path="res://entities/enemies/monstr.tscn" id="3_5lf1o"]
[ext_resource type="PackedScene" uid="uid://bh7ppnkyaubf7" path="res://vfx/hit_flash/HitFlash.tscn" id="4_msovg"]
[ext_resource type="Script" uid="uid://br8c8ywc11oph" path="res://common/components/combat_component.gd" id="5_2k7wq"]
[ext_resource type="Script" uid="uid://jti4ucm7ho77" path="res://common/components/animation_controller.gd" id="5_ftsks"]
[ext_resource type="Script" uid="uid://cks4om3mks65h" path="res://common/components/movement_component.gd" id="6_2k7wq"]
[ext_resource type="Script" uid="uid://bms48mt88e42c" path="res://entities/enemies/components/vision_component.gd" id="7_56i32"]
[ext_resource type="Script" uid="uid://c55cu0n3gbdfm" path="res://entities/enemies/components/enemy_attack_component.gd" id="8_sb13e"]
[ext_resource type="Script" uid="uid://cbx8244k71rsk" path="res://common/fsm/state_machine.gd" id="9_3udgd"]
[ext_resource type="Script" uid="uid://cxbbb82wp8q2v" path="res://entities/enemies/states/enemy_idle.gd" id="10_xmuku"]
[ext_resource type="Script" uid="uid://cvvgodl7fxgrn" path="res://entities/enemies/states/enemy_patrol.gd" id="11_2ggct"]
[ext_resource type="Script" uid="uid://cbsjg06awuo6g" path="res://entities/enemies/states/enemy_chase.gd" id="12_wy1il"]
[ext_resource type="Script" uid="uid://dirsi2ohsa4hb" path="res://entities/enemies/states/enemy_attack.gd" id="13_53k0f"]
[ext_resource type="Script" uid="uid://c6ccg8dnavfcp" path="res://entities/enemies/states/enemy_frustrated.gd" id="14_u01qb"]
[ext_resource type="Script" uid="uid://bn3bsn15qof6y" path="res://entities/enemies/states/enemy_dead.gd" id="15_4teby"]
[ext_resource type="Script" uid="uid://n1t4ruinfklm" path="res://entities/enemies/states/enemy_combat_stance.gd" id="17_53k0f"]
[ext_resource type="Script" uid="uid://c2im05hged14y" path="res://entities/enemies/states/enemy_flee.gd" id="17_wy1il"]
[ext_resource type="Script" uid="uid://ilu7xai8rnii" path="res://common/utils/random_audio_player_3d.gd" id="18_4teby"]
[ext_resource type="AudioStream" uid="uid://cy6x7q0s5irk7" path="res://assets/audio/mixkit-fantasy-monster-grunt-1977.mp3" id="19_8edke"]
[ext_resource type="AudioStream" uid="uid://bdgv843qcydoo" path="res://assets/audio/mixkit-soft-quick-punch-2151.mp3" id="20_ku6gj"]
[ext_resource type="AudioStream" uid="uid://b0r7fs2xvvu45" path="res://assets/audio/mixkit-strong-punches-to-the-body-2198-3.mp3" id="21_8edke"]
[ext_resource type="AudioStream" uid="uid://dctdgj0rwbvj5" path="res://assets/audio/mixkit-strong-punches-to-the-body-2198-2.mp3" id="22_y4tt3"]
[ext_resource type="AudioStream" uid="uid://brbtr34dd38x8" path="res://assets/audio/mixkit-strong-punches-to-the-body-2198-1.mp3" id="23_21xsh"]
[ext_resource type="AudioStream" uid="uid://q382v6423pvu" path="res://assets/audio/mixkit-impact-of-a-strong-punch-2155.mp3" id="24_y4tt3"]
[ext_resource type="Shader" uid="uid://bxxg6h5x5fm3t" path="res://assets/shaders/GrassCollisionSphere.gdshader" id="25_21xsh"]

[sub_resource type="AnimationNodeAnimation" id="AnimationNodeAnimation_2k7wq"]
animation = &"Monstr_attack_1"

[sub_resource type="AnimationNodeAnimation" id="AnimationNodeAnimation_llg7d"]
animation = &"Monstr_attack_2"

[sub_resource type="AnimationNodeAnimation" id="AnimationNodeAnimation_nkaw1"]
animation = &"Monstr_hit"

[sub_resource type="AnimationNodeTimeSeek" id="AnimationNodeTimeSeek_6fcqh"]

[sub_resource type="AnimationNodeAnimation" id="AnimationNodeAnimation_dec5i"]
animation = &"Monstr_angry"

[sub_resource type="AnimationNodeTransition" id="AnimationNodeTransition_0j0it"]
xfade_time = 0.2
input_0/name = "Attack1"
input_0/auto_advance = false
input_0/break_loop_at_end = false
input_0/reset = true
input_1/name = "Attack2"
input_1/auto_advance = false
input_1/break_loop_at_end = false
input_1/reset = true

[sub_resource type="AnimationNodeOneShot" id="AnimationNodeOneShot_712qu"]
filters = ["..", "root/Skeleton3D:arm_stretch.l", "root/Skeleton3D:arm_stretch.r", "root/Skeleton3D:arm_twist.l", "root/Skeleton3D:arm_twist.r", "root/Skeleton3D:forearm_stretch.l", "root/Skeleton3D:forearm_stretch.r", "root/Skeleton3D:forearm_twist.l", "root/Skeleton3D:forearm_twist.r", "root/Skeleton3D:hand.l", "root/Skeleton3D:hand.r", "root/Skeleton3D:head.x", "root/Skeleton3D:neck.x", "root/Skeleton3D:root.x", "root/Skeleton3D:shoulder.l", "root/Skeleton3D:shoulder.r", "root/Skeleton3D:spine_01.x"]
fadein_time = 0.2
fadeout_time = 0.1

[sub_resource type="AnimationNodeAnimation" id="AnimationNodeAnimation_pbvo2"]
animation = &"Monstr_walk"
play_mode = 1

[sub_resource type="AnimationNodeAnimation" id="AnimationNodeAnimation_5ltra"]
animation = &"Monstr_attack_idle"

[sub_resource type="AnimationNodeAnimation" id="AnimationNodeAnimation_t287r"]
animation = &"Monstr_walk"

[sub_resource type="AnimationNodeAnimation" id="AnimationNodeAnimation_tqj2o"]
animation = &"Monstr_run"

[sub_resource type="AnimationNodeBlendSpace1D" id="AnimationNodeBlendSpace1D_21xsh"]
blend_point_0/node = SubResource("AnimationNodeAnimation_pbvo2")
blend_point_0/pos = -1.0
blend_point_1/node = SubResource("AnimationNodeAnimation_5ltra")
blend_point_1/pos = 0.0
blend_point_2/node = SubResource("AnimationNodeAnimation_t287r")
blend_point_2/pos = 1.0
blend_point_3/node = SubResource("AnimationNodeAnimation_tqj2o")
blend_point_3/pos = 2.0
max_space = 2.0

[sub_resource type="AnimationNodeAnimation" id="AnimationNodeAnimation_6ak4d"]
animation = &"Monstr_death"
use_custom_timeline = true
timeline_length = 1.0
stretch_time_scale = true
start_offset = 0.0
loop_mode = 0

[sub_resource type="AnimationNodeOneShot" id="AnimationNodeOneShot_nkaw1"]
filter_enabled = true
filters = ["root/Skeleton3D:c_traj", "root/Skeleton3D:head.x", "root/Skeleton3D:neck.x", "root/Skeleton3D:root.x", "root/Skeleton3D:shoulder.l", "root/Skeleton3D:shoulder.r", "root/Skeleton3D:spine_01.x"]
fadein_time = 0.01
fadeout_time = 0.01

[sub_resource type="AnimationNodeAnimation" id="AnimationNodeAnimation_6fcqh"]
animation = &"Monstr_knockdown"
use_custom_timeline = true
timeline_length = 0.3
stretch_time_scale = true
start_offset = 0.0
loop_mode = 0

[sub_resource type="AnimationNodeOneShot" id="AnimationNodeOneShot_dec5i"]
filters = ["root/Skeleton3D:arm_stretch.l", "root/Skeleton3D:arm_stretch.r", "root/Skeleton3D:arm_twist.l", "root/Skeleton3D:arm_twist.r", "root/Skeleton3D:forearm_stretch.l", "root/Skeleton3D:forearm_stretch.r", "root/Skeleton3D:forearm_twist.l", "root/Skeleton3D:forearm_twist.r", "root/Skeleton3D:hand.l", "root/Skeleton3D:hand.r", "root/Skeleton3D:head.x", "root/Skeleton3D:neck.x", "root/Skeleton3D:root.x", "root/Skeleton3D:shoulder.l", "root/Skeleton3D:shoulder.r", "root/Skeleton3D:spine_01.x"]
fadein_time = 0.1
fadeout_time = 0.1

[sub_resource type="AnimationNodeAnimation" id="AnimationNodeAnimation_21xsh"]
animation = &"Monstr_idle"
advance_on_start = true

[sub_resource type="AnimationNodeAnimation" id="AnimationNodeAnimation_rag6w"]
animation = &"Monstr_walk"

[sub_resource type="AnimationNodeAnimation" id="AnimationNodeAnimation_ftsks"]
animation = &"Monstr_run"

[sub_resource type="AnimationNodeAnimation" id="AnimationNodeAnimation_712qu"]
animation = &"Monstr_walk"
play_mode = 1

[sub_resource type="AnimationNodeBlendSpace1D" id="AnimationNodeBlendSpace1D_2k7wq"]
blend_point_0/node = SubResource("AnimationNodeAnimation_21xsh")
blend_point_0/pos = 0.0
blend_point_1/node = SubResource("AnimationNodeAnimation_rag6w")
blend_point_1/pos = 1.0
blend_point_2/node = SubResource("AnimationNodeAnimation_ftsks")
blend_point_2/pos = 2.0
blend_point_3/node = SubResource("AnimationNodeAnimation_712qu")
blend_point_3/pos = -1.0
max_space = 2.0

[sub_resource type="AnimationNodeTransition" id="AnimationNodeTransition_pbvo2"]
xfade_time = 0.2
input_0/name = "normal"
input_0/auto_advance = false
input_0/break_loop_at_end = false
input_0/reset = true
input_1/name = "strafe"
input_1/auto_advance = false
input_1/break_loop_at_end = false
input_1/reset = true
input_2/name = "chase"
input_2/auto_advance = false
input_2/break_loop_at_end = false
input_2/reset = true

[sub_resource type="AnimationNodeTransition" id="AnimationNodeTransition_5ltra"]
xfade_time = 0.2
input_0/name = "alive"
input_0/auto_advance = false
input_0/break_loop_at_end = false
input_0/reset = true
input_1/name = "dead"
input_1/auto_advance = false
input_1/break_loop_at_end = false
input_1/reset = true
input_2/name = "angry"
input_2/auto_advance = false
input_2/break_loop_at_end = false
input_2/reset = true

[sub_resource type="AnimationNodeAnimation" id="AnimationNodeAnimation_lmmiu"]
animation = &"Monstr_walk_strafe_l"

[sub_resource type="AnimationNodeAnimation" id="AnimationNodeAnimation_vkm0h"]
animation = &"Monstr_walk_strafe_r"

[sub_resource type="AnimationNodeAnimation" id="AnimationNodeAnimation_0j0it"]
animation = &"Monstr_attack_idle"

[sub_resource type="AnimationNodeBlendSpace1D" id="AnimationNodeBlendSpace1D_llg7d"]
blend_point_0/node = SubResource("AnimationNodeAnimation_lmmiu")
blend_point_0/pos = -1.0
blend_point_1/node = SubResource("AnimationNodeAnimation_vkm0h")
blend_point_1/pos = 1.0
blend_point_2/node = SubResource("AnimationNodeAnimation_0j0it")
blend_point_2/pos = 0.0

[sub_resource type="AnimationNodeBlendTree" id="AnimationNodeBlendTree_21xsh"]
graph_offset = Vector2(-174.30302, -561.0378)
nodes/output/position = Vector2(1216, 176)
nodes/locomotion_blend/node = SubResource("AnimationNodeBlendSpace1D_2k7wq")
nodes/locomotion_blend/position = Vector2(144, -624)
nodes/strafe_blend/node = SubResource("AnimationNodeBlendSpace1D_llg7d")
nodes/strafe_blend/position = Vector2(144, -464)
nodes/move_mode/node = SubResource("AnimationNodeTransition_pbvo2")
nodes/move_mode/position = Vector2(336, -416)
nodes/state/node = SubResource("AnimationNodeTransition_5ltra")
nodes/state/position = Vector2(1056, 128)
nodes/dead/node = SubResource("AnimationNodeAnimation_6ak4d")
nodes/dead/position = Vector2(864, 192)
nodes/angry/node = SubResource("AnimationNodeAnimation_dec5i")
nodes/angry/position = Vector2(704, 384)
nodes/TimeSeek/node = SubResource("AnimationNodeTimeSeek_6fcqh")
nodes/TimeSeek/position = Vector2(896, 368)
nodes/attack_oneshot/node = SubResource("AnimationNodeOneShot_712qu")
nodes/attack_oneshot/position = Vector2(496, -224)
nodes/hit_oneshot/node = SubResource("AnimationNodeOneShot_nkaw1")
nodes/hit_oneshot/position = Vector2(672, -160)
nodes/attack_idx/node = SubResource("AnimationNodeTransition_0j0it")
nodes/attack_idx/position = Vector2(336, -160)
nodes/Attack1/node = SubResource("AnimationNodeAnimation_2k7wq")
nodes/Attack1/position = Vector2(144, -128)
nodes/Attack2/node = SubResource("AnimationNodeAnimation_llg7d")
nodes/Attack2/position = Vector2(144, 32)
nodes/Hit/node = SubResource("AnimationNodeAnimation_nkaw1")
nodes/Hit/position = Vector2(464, 80)
nodes/knockdown_oneshot/node = SubResource("AnimationNodeOneShot_dec5i")
nodes/knockdown_oneshot/position = Vector2(848, -80)
nodes/knockdown/node = SubResource("AnimationNodeAnimation_6fcqh")
nodes/knockdown/position = Vector2(624, 112)
nodes/chase_blend/node = SubResource("AnimationNodeBlendSpace1D_21xsh")
nodes/chase_blend/position = Vector2(144, -304)
node_connections = [&"output", 0, &"state", &"move_mode", 0, &"locomotion_blend", &"move_mode", 1, &"strafe_blend", &"move_mode", 2, &"chase_blend", &"state", 0, &"knockdown_oneshot", &"state", 1, &"dead", &"state", 2, &"TimeSeek", &"TimeSeek", 0, &"angry", &"attack_oneshot", 0, &"move_mode", &"attack_oneshot", 1, &"attack_idx", &"hit_oneshot", 0, &"attack_oneshot", &"hit_oneshot", 1, &"Hit", &"attack_idx", 0, &"Attack1", &"attack_idx", 1, &"Attack2", &"knockdown_oneshot", 0, &"hit_oneshot", &"knockdown_oneshot", 1, &"knockdown"]

[sub_resource type="BoxShape3D" id="BoxShape3D_msovg"]
size = Vector3(2.2810059, 1.4276657, 2.4621277)

[sub_resource type="CapsuleShape3D" id="CapsuleShape3D_lw7nh"]

[sub_resource type="ShaderMaterial" id="ShaderMaterial_rag6w"]
render_priority = 0
shader = ExtResource("25_21xsh")

[sub_resource type="SphereMesh" id="SphereMesh_wy1il"]

[node name="Enemy" type="CharacterBody3D" groups=["enemies", "level_detail_objects"]]
collision_layer = 4
collision_mask = 75
collision_priority = 0.6
script = ExtResource("1_ksmh7")
show_debug_label = false
help_radius = 8.0
retreat_speed = 1.5
attack_rotation_speed = 5.0

[node name="VisibleOnScreenNotifier3D" type="VisibleOnScreenNotifier3D" parent="."]
aabb = AABB(-1.0936372, -0.47408557, -0.99435246, 2.1872745, 2.4518332, 1.9887049)

[node name="AlertIndicator" parent="." instance=ExtResource("2_lmmiu")]
transform = Transform3D(1, 0, 0, 0, 1, 0, 0, 0, 1, 0, 2.6, 0)
aggro_color = Color(1, 1, 0, 0.78431374)
attack_color = Color(1, 0, 0, 0.78431374)

[node name="HealthBar3D" parent="." instance=ExtResource("2_twyc1")]
transform = Transform3D(1, 0, 0, 0, 1, 0, 0, 0, 1, 0, 2.175171, 0)
script = ExtResource("3_2ggct")
fade_delay = 5.0

[node name="Components" type="Node" parent="."]

[node name="HealthComponent" parent="Components" instance=ExtResource("2_wqcwe")]
max_health = 8.0

[node name="AnimationController" type="Node" parent="Components" node_paths=PackedStringArray("anim_tree")]
script = ExtResource("5_ftsks")
anim_tree = NodePath("../../Monstr/AnimationTree")

[node name="CombatComponent" type="Node" parent="Components" node_paths=PackedStringArray("punch_hand_r", "punch_hand_l", "attack_area")]
script = ExtResource("5_2k7wq")
faction = 1
self_recoil_strength = 2.5
primary_attack_speed = 1.0
attack_cooldown = 1.5
combo_window_time = 0.5
combo_cooldown_after_combo = 0.01
attack_roll_cancel_threshold = 0.5
kb_strength_normal = 5.0
kb_height_normal = 8.0
hs_prop_time_scale = 0.5
hs_prop_duration = 0.01
hs_normal_time_scale = 0.4
hs_normal_duration = 0.01
hs_finisher_time_scale = 0.3
hs_finisher_duration = 0.01
punch_hand_r = NodePath("../../Monstr/HitboxesContainer/punch_hand_r")
punch_hand_l = NodePath("../../Monstr/HitboxesContainer/punch_hand_l")
attack_area = NodePath("../../Monstr/PunchArea")

[node name="MovementComponent" type="Node" parent="Components"]
script = ExtResource("6_2k7wq")
rotation_speed = 5.0
push_force = 80.0
roll_push_multiplier = 1.5
jump_height = 1.45
jump_time_to_peak = 0.3
jump_time_to_descent = 0.25
second_jump_multiplier = 1.4

[node name="EnemyAttackComponent" type="Node" parent="Components"]
script = ExtResource("8_sb13e")
tactical_retreat_distance = 3.0
retreat_interrupt_range = 0.8

[node name="VisionComponent" type="Node3D" parent="Components"]
script = ExtResource("7_56i32")
sight_range = 6.0
lost_sight_range = 8.0
proximity_detection_range = 2.5
scan_interval = 0.5

[node name="StateMachine" type="Node" parent="." node_paths=PackedStringArray("initial_state")]
script = ExtResource("9_3udgd")
initial_state = NodePath("Idle")

[node name="Idle" type="Node" parent="StateMachine"]
script = ExtResource("10_xmuku")

[node name="Patrol" type="Node" parent="StateMachine"]
script = ExtResource("11_2ggct")

[node name="Chase" type="Node" parent="StateMachine"]
script = ExtResource("12_wy1il")

[node name="Attack" type="Node" parent="StateMachine"]
script = ExtResource("13_53k0f")
warning_lead_time = 0.6

[node name="Frustrated" type="Node" parent="StateMachine"]
script = ExtResource("14_u01qb")

[node name="Dead" type="Node" parent="StateMachine"]
script = ExtResource("15_4teby")

[node name="Flee" type="Node" parent="StateMachine"]
script = ExtResource("17_wy1il")
flee_speed = 1.0

[node name="CombatStance" type="Node" parent="StateMachine"]
script = ExtResource("17_53k0f")

[node name="HitFlash" parent="." instance=ExtResource("4_msovg")]
mesh_path = NodePath("../Monstr/root/Skeleton3D/Monstr")
flash_time = 0.2

[node name="NavigationAgent3D" type="NavigationAgent3D" parent="."]
path_desired_distance = 0.75
avoidance_enabled = true
neighbor_distance = 10.0
max_neighbors = 5
time_horizon_agents = 0.5
time_horizon_obstacles = 1.0
max_speed = 20.0

[node name="Monstr" parent="." instance=ExtResource("3_5lf1o")]

[node name="punch_hand_r" parent="Monstr/HitboxesContainer" index="0"]
transform = Transform3D(-0.1643394, -0.10347472, -0.98096144, -0.22019978, -0.9654009, 0.13875239, -0.96151084, 0.23877628, 0.1358874, -0.7152867, 0.56911445, 0.09496814)

[node name="punch_hand_l" parent="Monstr/HitboxesContainer" index="1"]
transform = Transform3D(-0.16229981, 0.094571605, 0.9821984, 0.22168764, -0.96624476, 0.12970863, 0.9615074, 0.23874356, 0.13588674, 0.7383861, 0.52088153, 0.11734463)

[node name="Skeleton3D" parent="Monstr/root" index="0"]
bones/0/rotation = Quaternion(4.86768e-08, 8.742278e-08, 3.3001185e-15, 1)
bones/1/position = Vector3(5.340485e-11, 0.4249902, -0.0037305998)
bones/1/rotation = Quaternion(0.042217515, -2.1071057e-06, -8.685672e-08, 0.9991085)
bones/2/position = Vector3(-0.023404034, 0.25773576, -0.021464922)
bones/2/rotation = Quaternion(0.00075265014, -0.014055608, -0.026988653, 0.99953663)
bones/2/scale = Vector3(0.99999994, 0.9999999, 0.9999999)
bones/3/rotation = Quaternion(0.23842315, 3.128357e-06, 4.6795194e-06, 0.9711614)
bones/4/position = Vector3(-7.912331e-09, 0.06338386, -2.648917e-07)
bones/4/rotation = Quaternion(-0.23623869, -4.1393523e-06, -4.774473e-06, 0.9716951)
bones/4/scale = Vector3(1, 1.0000001, 1)
bones/5/position = Vector3(-0.12985575, 0.47531104, -0.03137876)
bones/5/rotation = Quaternion(-0.5774063, 0.43477127, 0.5075222, 0.4690387)
bones/6/rotation = Quaternion(-0.5628516, 0.16877434, -0.041557062, 0.80807567)
bones/6/scale = Vector3(0.99999994, 0.99999946, 0.9999999)
bones/7/rotation = Quaternion(-2.153584e-09, -0.14686196, -4.5419597e-08, 0.9891571)
bones/7/scale = Vector3(0.99999994, 1.0000005, 0.99999994)
bones/8/rotation = Quaternion(-2.0335793e-08, 3.985716e-08, 0.31019798, 0.95067203)
bones/8/scale = Vector3(1, 0.99999964, 1)
bones/9/rotation = Quaternion(1.0624933e-07, -0.26402885, 1.9033985e-08, 0.9645148)
bones/10/rotation = Quaternion(-0.1722061, -0.2334195, -0.21158043, 0.9333243)
bones/10/scale = Vector3(0.9999991, 0.9999994, 0.9999994)
bones/11/position = Vector3(0.12819621, 0.47652745, -0.023932528)
bones/11/rotation = Quaternion(0.31418458, 0.56464267, 0.674967, -0.35621116)
bones/12/rotation = Quaternion(-0.3921725, -0.3507881, 0.34608653, 0.77677065)
bones/12/scale = Vector3(1.0000001, 0.99999946, 1.0000002)
bones/13/rotation = Quaternion(5.178515e-08, 0.5090079, -9.8322936e-08, 0.8607618)
bones/13/scale = Vector3(0.9999998, 1.0000007, 1.0000001)
bones/14/rotation = Quaternion(-1.9673326e-08, -6.355811e-08, -0.0017998964, 0.99999845)
bones/14/scale = Vector3(1, 1.0000004, 0.99999994)
bones/15/rotation = Quaternion(-4.123036e-08, 0.18513905, 1.1420432e-08, 0.9827124)
bones/16/rotation = Quaternion(-0.21389766, 0.2281606, -0.17999864, 0.93262595)
bones/16/scale = Vector3(0.99999887, 0.9999992, 0.9999993)
bones/17/rotation = Quaternion(0.75055707, 0.39195305, 0.5111374, 0.1475656)
bones/17/scale = Vector3(0.99999994, 1.0000001, 0.9999997)
bones/18/rotation = Quaternion(-5.842983e-09, 0.15641853, 4.238515e-08, 0.9876909)
bones/19/rotation = Quaternion(-6.6404816e-08, 6.5532255e-08, 0.32616416, 0.9453132)
bones/19/scale = Vector3(0.99999964, 0.9999998, 0.99999976)
bones/20/rotation = Quaternion(0.10526724, 0.6975116, -0.29030433, 0.64662194)
bones/20/scale = Vector3(1.0000004, 1.0000002, 1.0000001)
bones/21/rotation = Quaternion(-4.918134e-07, 0.91525155, 0.4028828, -5.757998e-07)
bones/22/rotation = Quaternion(-9.496127e-08, 0.084526986, 1.3564903e-07, 0.9964213)
bones/23/rotation = Quaternion(0.7302289, -0.21580334, -0.63164824, -0.1456545)
bones/23/scale = Vector3(0.99999994, 0.9999999, 0.9999997)
bones/24/rotation = Quaternion(-3.817096e-08, -0.03981399, 1.701453e-09, 0.99920714)
bones/25/rotation = Quaternion(-5.03139e-08, -6.38677e-08, -0.26356494, 0.9646417)
bones/25/scale = Vector3(0.99999994, 1.0000001, 0.9999997)
bones/26/rotation = Quaternion(0.17897384, -0.50366235, 0.52855617, 0.6594855)
bones/26/scale = Vector3(1.0000002, 1, 1)
bones/27/rotation = Quaternion(3.8668566e-07, 0.91525155, 0.40288314, 4.4961544e-07)
bones/28/rotation = Quaternion(-4.5182055e-08, 0.0051181414, 1.683886e-08, 0.999987)

[node name="Monstr" parent="Monstr/root/Skeleton3D" index="0"]
layers = 2

[node name="hand_r" parent="Monstr/root/Skeleton3D" index="1"]
transform = Transform3D(-0.1643393, -0.10348903, -0.9809592, -0.22019964, -0.9655343, 0.13875207, -0.96151024, 0.23880929, 0.13588709, -0.7152867, 0.56911445, 0.09496814)

[node name="hand_l" parent="Monstr/root/Skeleton3D" index="2"]
transform = Transform3D(-0.16230099, 0.0945918, 0.98219615, 0.22168925, -0.96645105, 0.12970835, 0.9615144, 0.23879454, 0.13588643, 0.7383861, 0.52088153, 0.11734463)

[node name="Physical Bone root_x" parent="Monstr/root/Skeleton3D/PhysicalBoneSimulator3D" index="0"]
transform = Transform3D(1, -4.043678e-06, -1.0398922e-08, -3.5148588e-07, -0.084359854, -0.9964354, 4.0283862e-06, 0.9964354, -0.084359854, -3.814327e-06, 0.56658876, 0.008412736)
joint_offset = Transform3D(1, 0, 0, 0, 1, 0, 0, 0, 1, 3.8145802e-06, -0.0001547709, 0.14211825)
body_offset = Transform3D(1, -1.1277734e-10, -3.893774e-12, -3.9790393e-12, -7.450581e-09, -1, 1.12322596e-10, 1.0000001, 0, -3.8145797e-06, 0.14211825, 0.00015477091)

[node name="Physical Bone spine_01_x" parent="Monstr/root/Skeleton3D/PhysicalBoneSimulator3D" index="1"]
transform = Transform3D(0.99814796, -0.028152242, -0.053927433, -0.05614965, -0.085248105, -0.99477637, 0.023407971, 0.995962, -0.08667095, -0.010015541, 0.9300723, 0.018051913)
joint_offset = Transform3D(1, 0, 0, 0, 1, 0, 0, 0, 1, -2.6877367e-05, 4.478165e-05, 0.24774617)
body_offset = Transform3D(1.0000001, 2.924353e-07, -1.3557728e-06, -1.341803e-06, -0.00017935038, -1, -2.9057264e-07, 1.0000002, -0.00017935783, 2.7213246e-05, 0.24774617, -3.46452e-07)

[node name="Physical Bone neck_x" parent="Monstr/root/Skeleton3D/PhysicalBoneSimulator3D" index="2"]
transform = Transform3D(0.998142, -0.049939428, -0.034910973, -0.05630094, -0.5367919, -0.8418341, 0.02330079, 0.84223545, -0.53860617, 0.003920622, 1.1940436, 0.055974312)
joint_offset = Transform3D(1, 0, 0, 0, 1, 0, 0, 0, 1, 2.2844156e-06, 1.0834581e-05, 0.032189712)
body_offset = Transform3D(1.0000002, 8.940697e-08, -0.00019421894, -0.00019421335, -0.00084391236, -1.0000002, -2.477318e-07, 1, -0.00084394217, 3.967434e-06, 0.032189727, 1.6331673e-05)

[node name="Physical Bone shoulder_r" parent="Monstr/root/Skeleton3D/PhysicalBoneSimulator3D" index="3"]
transform = Transform3D(0.13485327, -0.1239709, 0.9830798, 0.052911, 0.9916279, 0.117790826, -0.9894519, 0.036131255, 0.14028369, -0.3210312, 1.1429371, -0.024354452)
joint_offset = Transform3D(1, 0, 0, 0, 1, 0, 0, 0, 1, -2.8152748e-05, 0.00016879031, 0.19790243)
body_offset = Transform3D(0.99999887, 8.3073974e-07, -0.0017183721, -0.0017183721, 0.00033735577, -0.99999845, -2.2351742e-07, 1.0000001, 0.0003373744, 0.0003682226, 0.19790202, -0.00023555756)

[node name="Physical Bone arm_stretch_r" parent="Monstr/root/Skeleton3D/PhysicalBoneSimulator3D" index="4"]
transform = Transform3D(0.4052193, -0.25848073, -0.87691796, -0.14464097, -0.9652437, 0.21767783, -0.902705, 0.038631, -0.42852226, -0.5066268, 1.1209614, -0.05011772)
joint_offset = Transform3D(1, 0, 0, 0, 1, 0, 0, 0, 1, -1.677889e-05, 1.5616839e-05, 7.7451274e-05)
body_offset = Transform3D(0.9999999, -0.0004547648, -0.00067552924, 0.00045534223, 1.0000002, 0.00086274, 0.000675261, -0.00086317584, 0.99999964, 1.6838312e-05, -1.5676022e-05, -7.742643e-05)

[node name="Physical Bone forearm_stretch_r" parent="Monstr/root/Skeleton3D/PhysicalBoneSimulator3D" index="5"]
transform = Transform3D(0.17481396, -0.8766379, 0.44827017, -0.68587065, 0.21822485, 0.694233, -0.70641464, -0.42881694, -0.56311136, -0.63808817, 0.68859565, -0.0019092932)
joint_offset = Transform3D(1, 0, 0, 0, 1, 0, 0, 0, 1, -1.9800977e-05, -3.9068727e-05, 0.058408212)
body_offset = Transform3D(1.0000005, -0.00015470386, 0.00016236305, 0.0001628995, 0.00042381883, -1.000001, 0.00015467405, 1.0000002, 0.00042402744, 1.0311604e-05, 0.05840829, 1.4305115e-05)

[node name="Physical Bone shoulder_l" parent="Monstr/root/Skeleton3D/PhysicalBoneSimulator3D" index="6"]
transform = Transform3D(-0.5915782, 0.06797872, -0.80337673, -0.16349709, 0.9656211, 0.20210068, 0.78949606, 0.2509081, -0.560126, 0.29157284, 1.1130236, 0.123500906)
joint_offset = Transform3D(1, 0, 0, 0, 1, 0, 0, 0, 1, 0.004500594, 0.00047930377, 0.19668849)
body_offset = Transform3D(0.9998566, 0.0020557344, -0.016817749, -0.016814768, -0.0014694929, -0.9998574, -0.0020801425, 0.9999969, -0.0014346838, -0.0011930764, 0.19673683, -0.00018775463)

[node name="Physical Bone arm_stretch_l" parent="Monstr/root/Skeleton3D/PhysicalBoneSimulator3D" index="7"]
transform = Transform3D(0.38275185, 0.46026528, 0.8010349, 0.015880102, -0.87021023, 0.4924247, 0.9237147, -0.17575596, -0.34038362, 0.44530904, 1.0748867, 0.22826526)
joint_offset = Transform3D(1, 0, 0, 0, 1, 0, 0, 0, 1, 0, 0, 0)
body_offset = Transform3D(0.9999998, -0.00014020503, 0.00030222535, 0.00014020503, 1.0000006, -0.00044848025, -0.00030243397, 0.0004485473, 0.9999997, 0, 0, 0)

[node name="Physical Bone forearm_stretch_l" parent="Monstr/root/Skeleton3D/PhysicalBoneSimulator3D" index="8"]
transform = Transform3D(0.38124466, 0.80175954, -0.46025458, 0.018913386, 0.49098694, 0.8709616, 0.92428076, -0.34075442, 0.17202216, 0.6589663, 0.67063016, 0.14699876)
joint_offset = Transform3D(1, 0, 0, 0, 1, 0, 0, 0, 1, -3.3463224e-05, -2.1309163e-05, 0.058434866)
body_offset = Transform3D(0.9999999, 0.00020980835, 0.00030753016, 0.00030717254, 0.0012021028, -0.9999996, -0.0002104044, 0.99999934, 0.0012019798, 1.5497208e-05, 0.058434874, -4.8935413e-05)

[node name="Physical Bone thigh_stretch_l" parent="Monstr/root/Skeleton3D/PhysicalBoneSimulator3D" index="9"]
transform = Transform3D(0.17088826, 0.43710336, 0.8830277, 0.6811469, -0.6999687, 0.21466893, 0.7119242, 0.5647872, -0.41734803, 0.20555468, 0.40272343, -0.014122055)
joint_offset = Transform3D(0.999999, 0, 0, 0, 1, 0, 0, 0, 0.999999, 1.8278139e-05, 1.9541061e-05, -1.6183332e-05)
body_offset = Transform3D(0.99999964, -0.00078219175, -0.00036922097, 0.00078225136, 0.9999995, 0.0003105849, 0.00036913157, -0.00031080842, 1.0000001, -1.8268824e-05, -1.9550323e-05, 1.6182661e-05)

[node name="Physical Bone leg_stretch_l" parent="Monstr/root/Skeleton3D/PhysicalBoneSimulator3D" index="10"]
transform = Transform3D(0.40408084, 0.88279456, -0.23956718, 0.10573867, 0.2150657, 0.97085845, 0.9085913, -0.4176368, -0.0064415946, 0.3051492, 0.19785188, 0.090991445)
joint_offset = Transform3D(1, 0, 0, 0, 1, 0, 0, 0, 1, 1.9053234e-05, -2.0572872e-05, 0.07769641)
body_offset = Transform3D(1.0000004, -0.00041404366, -0.0003379695, -0.0003381665, 2.930197e-05, -1.0000001, 0.00041419268, 1.0000006, 2.9169489e-05, 7.197261e-06, 0.07769643, 1.8298626e-05)

[node name="Physical Bone foot_l" parent="Monstr/root/Skeleton3D/PhysicalBoneSimulator3D" index="11"]
transform = Transform3D(-0.9619913, 0.2154329, -0.16781358, 0.0004204301, 0.61568916, 0.7879891, 0.27307975, 0.75796807, -0.5923782, 0.33522254, 0.07019118, 0.1323021)
joint_offset = Transform3D(1, 0, 0, 0, 1, 0, 0, 0, 1, 0.00036227689, -0.00023240192, 0.06882164)
body_offset = Transform3D(0.99999905, -0.0014172643, 0.00032173097, 0.0003206432, -0.00092074275, -0.9999995, 0.0014173836, 0.9999988, -0.00092047453, -0.00038474798, 0.068821274, 0.0002952367)

[node name="Physical Bone thigh_stretch_r" parent="Monstr/root/Skeleton3D/PhysicalBoneSimulator3D" index="12"]
transform = Transform3D(0.10834822, -0.5009866, -0.85864615, -0.047618266, -0.8653549, 0.49889222, -0.9929719, -0.013166843, -0.11761579, -0.20550591, 0.4027382, -0.014093543)
joint_offset = Transform3D(0.999999, 0, 0, 0, 1, 0, 0, 0, 0.999999, -3.017127e-06, 3.9670496e-05, 3.0079416e-05)
body_offset = Transform3D(0.99999994, -0.00031661894, -0.00046128035, 0.00031560194, 0.9999978, -0.0020667412, 0.0004618615, 0.0020666688, 0.99999803, 3.0435622e-06, -3.9607286e-05, -3.015995e-05)

[node name="Physical Bone leg_stretch_r" parent="Monstr/root/Skeleton3D/PhysicalBoneSimulator3D" index="13"]
transform = Transform3D(0.35156968, -0.8577233, 0.3751126, 0.39935642, 0.49981388, 0.7685704, -0.8467073, -0.12040244, 0.5182567, -0.32720137, 0.18270344, -0.05668418)
joint_offset = Transform3D(1, 0, 0, 0, 1, 0, 0, 0, 1, 0.00012925762, -0.00011132039, 0.07763666)
body_offset = Transform3D(0.99999106, 0.003706649, -0.0020996928, -0.0020935535, -0.0016309731, -0.9999963, -0.0037101656, 0.9999924, -0.0016232468, 3.4169294e-05, 0.07763645, 0.00023782253)

[node name="Physical Bone foot_r" parent="Monstr/root/Skeleton3D/PhysicalBoneSimulator3D" index="14"]
transform = Transform3D(-0.9503229, -0.24468456, 0.19239499, 0.0011859366, 0.61525446, 0.7883277, -0.31126347, 0.749394, -0.5844003, -0.36830187, 0.06974822, -0.055620298)
joint_offset = Transform3D(1, 0, 0, 0, 1, 0, 0, 0, 1, 0.00030815092, 0.00022810065, 0.06884659)
body_offset = Transform3D(0.999999, -0.0011495799, -0.00091944635, -0.0009200275, -0.00020629168, -0.99999964, 0.0011499077, 0.9999992, -0.00020742416, -0.00024458766, 0.068846904, -0.00021417439)

[node name="AnimationPlayer" parent="Monstr" index="2"]
callback_mode_process = 2
autoplay = "Monstr_idle"
playback_default_blend_time = 0.2
blend_times = [&"Monstr_idle", &"Monstr_angry", 0.2, &"Monstr_idle", &"Monstr_attack_1", 0.2, &"Monstr_idle", &"Monstr_attack_idle", 0.2, &"Monstr_idle", &"Monstr_idle", 0.2, &"Monstr_idle", &"Monstr_knockdown", 0.2, &"Monstr_idle", &"Monstr_walk", 0.2]

[node name="AnimationTree" type="AnimationTree" parent="Monstr"]
tree_root = SubResource("AnimationNodeBlendTree_21xsh")
anim_player = NodePath("../AnimationPlayer")
parameters/locomotion_blend/blend_position = 0.0
parameters/strafe_blend/blend_position = 0.0
parameters/move_mode/current_state = "chase"
parameters/move_mode/transition_request = ""
parameters/move_mode/current_index = 2
parameters/state/current_state = "alive"
parameters/state/transition_request = ""
parameters/state/current_index = 0
parameters/TimeSeek/seek_request = -1.0
parameters/attack_oneshot/active = false
parameters/attack_oneshot/internal_active = false
parameters/attack_oneshot/request = 0
parameters/hit_oneshot/active = false
parameters/hit_oneshot/internal_active = false
parameters/hit_oneshot/request = 0
parameters/attack_idx/current_state = "Attack1"
parameters/attack_idx/transition_request = ""
parameters/attack_idx/current_index = 0
parameters/knockdown_oneshot/active = false
parameters/knockdown_oneshot/internal_active = false
parameters/knockdown_oneshot/request = 0
parameters/chase_blend/blend_position = 0.0

[node name="PunchArea" type="Area3D" parent="Monstr"]
collision_layer = 2

[node name="CollisionShape3D" type="CollisionShape3D" parent="Monstr/PunchArea"]
transform = Transform3D(1, 0, 0, 0, 1, 0, 0, 0, 1, 1.4210855e-14, 1.3604743, 1.4440575)
shape = SubResource("BoxShape3D_msovg")

[node name="CollisionShape3D" type="CollisionShape3D" parent="."]
transform = Transform3D(1, 0, 0, 0, 1, 0, 0, 0, 1, 0, 1, 0)
shape = SubResource("CapsuleShape3D_lw7nh")

[node name="AttackTimer" type="Timer" parent="."]

[node name="SoundBank" type="Node3D" parent="."]

[node name="SfxHurtVoice" type="AudioStreamPlayer3D" parent="SoundBank"]
volume_db = -5.0
max_distance = 15.0
bus = &"SFX"
script = ExtResource("18_4teby")
streams = Array[AudioStream]([ExtResource("19_8edke")])
min_pitch = 1.0
max_pitch = 1.2

[node name="SfxFleshHit" type="AudioStreamPlayer3D" parent="SoundBank"]
volume_db = 80.0
max_db = 6.0
max_distance = 15.0
bus = &"SFX"
script = ExtResource("18_4teby")
streams = Array[AudioStream]([ExtResource("20_ku6gj"), ExtResource("21_8edke"), ExtResource("22_y4tt3"), ExtResource("23_21xsh")])

[node name="SfxDeathImpact" type="AudioStreamPlayer3D" parent="SoundBank"]
volume_db = 10.0
max_db = 6.0
max_distance = 15.0
bus = &"SFX"
script = ExtResource("18_4teby")
streams = Array[AudioStream]([ExtResource("24_y4tt3")])

[node name="GrassCollision" type="MeshInstance3D" parent="."]
transform = Transform3D(1, 0, 0, 0, 1, 0, 0, 0, 1, 0, 0.5, 0)
layers = 65536
material_override = SubResource("ShaderMaterial_rag6w")
mesh = SubResource("SphereMesh_wy1il")

[node name="DebugLabel" type="Label3D" parent="."]
transform = Transform3D(1, 0, 0, 0, 1, 0, 0, 0, 1, 0, 2.680199, 0)
billboard = 1
no_depth_test = true
text = "Debug"
font_size = 22
outline_size = 2

[connection signal="screen_entered" from="VisibleOnScreenNotifier3D" to="." method="_on_visible_on_screen_notifier_3d_screen_entered"]
[connection signal="screen_exited" from="VisibleOnScreenNotifier3D" to="." method="_on_visible_on_screen_notifier_3d_screen_exited"]

[editable path="Monstr"]
