[gd_scene load_steps=63 format=3 uid="uid://d8g64g8viihh"]

[ext_resource type="Script" uid="uid://ba6qmt80akqib" path="res://entities/enemies/enemy.gd" id="1_ksmh7"]
[ext_resource type="PackedScene" uid="uid://dkh8rsc2pvxl0" path="res://entities/enemies/components/AlertIndicator/alert_indicator.tscn" id="2_lmmiu"]
[ext_resource type="PackedScene" uid="uid://b72gnkqh5atrs" path="res://ui/HealthBar3D/health_bar_3d.tscn" id="2_twyc1"]
[ext_resource type="PackedScene" uid="uid://jwhg4beayert" path="res://ui/health_component/HealthComponent.tscn" id="2_wqcwe"]
[ext_resource type="Script" uid="uid://nqcrxsuj1cdf" path="res://ui/HealthBar3D/enemy_health_bar.gd" id="3_2ggct"]
[ext_resource type="PackedScene" uid="uid://duk5b06ohkpsc" path="res://entities/enemies/monstr.tscn" id="3_5lf1o"]
[ext_resource type="PackedScene" uid="uid://bh7ppnkyaubf7" path="res://vfx/hit_flash/HitFlash.tscn" id="4_msovg"]
[ext_resource type="Script" uid="uid://br8c8ywc11oph" path="res://common/components/combat_component.gd" id="5_2k7wq"]
[ext_resource type="Script" uid="uid://jti4ucm7ho77" path="res://common/components/animation_controller.gd" id="5_ftsks"]
[ext_resource type="Script" uid="uid://cks4om3mks65h" path="res://common/components/movement_component.gd" id="6_2k7wq"]
[ext_resource type="Script" uid="uid://bms48mt88e42c" path="res://entities/enemies/components/vision_component.gd" id="7_56i32"]
[ext_resource type="Script" uid="uid://c55cu0n3gbdfm" path="res://entities/enemies/components/enemy_attack_component.gd" id="8_sb13e"]
[ext_resource type="Script" uid="uid://cbx8244k71rsk" path="res://common/fsm/state_machine.gd" id="9_3udgd"]
[ext_resource type="Script" uid="uid://cxbbb82wp8q2v" path="res://entities/enemies/states/enemy_idle.gd" id="10_xmuku"]
[ext_resource type="Script" uid="uid://cvvgodl7fxgrn" path="res://entities/enemies/states/enemy_patrol.gd" id="11_2ggct"]
[ext_resource type="Script" uid="uid://cbsjg06awuo6g" path="res://entities/enemies/states/enemy_chase.gd" id="12_wy1il"]
[ext_resource type="Script" uid="uid://dirsi2ohsa4hb" path="res://entities/enemies/states/enemy_attack.gd" id="13_53k0f"]
[ext_resource type="Script" uid="uid://c6ccg8dnavfcp" path="res://entities/enemies/states/enemy_frustrated.gd" id="14_u01qb"]
[ext_resource type="Script" uid="uid://bn3bsn15qof6y" path="res://entities/enemies/states/enemy_dead.gd" id="15_4teby"]
[ext_resource type="Script" uid="uid://n1t4ruinfklm" path="res://entities/enemies/states/enemy_combat_stance.gd" id="17_53k0f"]
[ext_resource type="Script" uid="uid://c2im05hged14y" path="res://entities/enemies/states/enemy_flee.gd" id="17_wy1il"]
[ext_resource type="Script" uid="uid://ilu7xai8rnii" path="res://common/utils/random_audio_player_3d.gd" id="18_4teby"]
[ext_resource type="AudioStream" uid="uid://cy6x7q0s5irk7" path="res://assets/audio/mixkit-fantasy-monster-grunt-1977.mp3" id="19_8edke"]
[ext_resource type="AudioStream" uid="uid://bdgv843qcydoo" path="res://assets/audio/mixkit-soft-quick-punch-2151.mp3" id="20_ku6gj"]
[ext_resource type="AudioStream" uid="uid://b0r7fs2xvvu45" path="res://assets/audio/mixkit-strong-punches-to-the-body-2198-3.mp3" id="21_8edke"]
[ext_resource type="AudioStream" uid="uid://dctdgj0rwbvj5" path="res://assets/audio/mixkit-strong-punches-to-the-body-2198-2.mp3" id="22_y4tt3"]
[ext_resource type="AudioStream" uid="uid://brbtr34dd38x8" path="res://assets/audio/mixkit-strong-punches-to-the-body-2198-1.mp3" id="23_21xsh"]
[ext_resource type="AudioStream" uid="uid://q382v6423pvu" path="res://assets/audio/mixkit-impact-of-a-strong-punch-2155.mp3" id="24_y4tt3"]
[ext_resource type="Shader" uid="uid://bxxg6h5x5fm3t" path="res://assets/shaders/GrassCollisionSphere.gdshader" id="25_21xsh"]

[sub_resource type="AnimationNodeAnimation" id="AnimationNodeAnimation_2k7wq"]
animation = &"Monstr_attack_1"

[sub_resource type="AnimationNodeAnimation" id="AnimationNodeAnimation_llg7d"]
animation = &"Monstr_attack_2"

[sub_resource type="AnimationNodeTimeScale" id="AnimationNodeTimeScale_lmmiu"]

[sub_resource type="AnimationNodeAnimation" id="AnimationNodeAnimation_nkaw1"]
animation = &"Monstr_hit"

[sub_resource type="AnimationNodeTimeSeek" id="AnimationNodeTimeSeek_6fcqh"]

[sub_resource type="AnimationNodeAnimation" id="AnimationNodeAnimation_dec5i"]
animation = &"Monstr_angry"

[sub_resource type="AnimationNodeTransition" id="AnimationNodeTransition_0j0it"]
xfade_time = 0.2
input_0/name = "Attack1"
input_0/auto_advance = false
input_0/break_loop_at_end = false
input_0/reset = true
input_1/name = "Attack2"
input_1/auto_advance = false
input_1/break_loop_at_end = false
input_1/reset = true

[sub_resource type="AnimationNodeOneShot" id="AnimationNodeOneShot_712qu"]
filters = ["..", "root/Skeleton3D:arm_stretch.l", "root/Skeleton3D:arm_stretch.r", "root/Skeleton3D:arm_twist.l", "root/Skeleton3D:arm_twist.r", "root/Skeleton3D:forearm_stretch.l", "root/Skeleton3D:forearm_stretch.r", "root/Skeleton3D:forearm_twist.l", "root/Skeleton3D:forearm_twist.r", "root/Skeleton3D:hand.l", "root/Skeleton3D:hand.r", "root/Skeleton3D:head.x", "root/Skeleton3D:neck.x", "root/Skeleton3D:root.x", "root/Skeleton3D:shoulder.l", "root/Skeleton3D:shoulder.r", "root/Skeleton3D:spine_01.x"]
fadein_time = 0.2
fadeout_time = 0.1

[sub_resource type="AnimationNodeAnimation" id="AnimationNodeAnimation_pbvo2"]
animation = &"Monstr_walk"
play_mode = 1

[sub_resource type="AnimationNodeAnimation" id="AnimationNodeAnimation_5ltra"]
animation = &"Monstr_attack_idle"

[sub_resource type="AnimationNodeAnimation" id="AnimationNodeAnimation_t287r"]
animation = &"Monstr_walk"

[sub_resource type="AnimationNodeAnimation" id="AnimationNodeAnimation_tqj2o"]
animation = &"Monstr_run"

[sub_resource type="AnimationNodeBlendSpace1D" id="AnimationNodeBlendSpace1D_21xsh"]
blend_point_0/node = SubResource("AnimationNodeAnimation_pbvo2")
blend_point_0/pos = -1.0
blend_point_1/node = SubResource("AnimationNodeAnimation_5ltra")
blend_point_1/pos = 0.0
blend_point_2/node = SubResource("AnimationNodeAnimation_t287r")
blend_point_2/pos = 1.0
blend_point_3/node = SubResource("AnimationNodeAnimation_tqj2o")
blend_point_3/pos = 2.0
max_space = 2.0

[sub_resource type="AnimationNodeAnimation" id="AnimationNodeAnimation_6ak4d"]
animation = &"Monstr_death"
use_custom_timeline = true
timeline_length = 1.0
stretch_time_scale = true
start_offset = 0.0
loop_mode = 0

[sub_resource type="AnimationNodeOneShot" id="AnimationNodeOneShot_nkaw1"]
filter_enabled = true
filters = ["root/Skeleton3D:c_traj", "root/Skeleton3D:head.x", "root/Skeleton3D:neck.x", "root/Skeleton3D:root.x", "root/Skeleton3D:shoulder.l", "root/Skeleton3D:shoulder.r", "root/Skeleton3D:spine_01.x"]
fadein_time = 0.01
fadeout_time = 0.01

[sub_resource type="AnimationNodeAnimation" id="AnimationNodeAnimation_6fcqh"]
animation = &"Monstr_knockdown"
use_custom_timeline = true
timeline_length = 0.3
stretch_time_scale = true
start_offset = 0.0
loop_mode = 0

[sub_resource type="AnimationNodeOneShot" id="AnimationNodeOneShot_dec5i"]
filters = ["root/Skeleton3D:arm_stretch.l", "root/Skeleton3D:arm_stretch.r", "root/Skeleton3D:arm_twist.l", "root/Skeleton3D:arm_twist.r", "root/Skeleton3D:forearm_stretch.l", "root/Skeleton3D:forearm_stretch.r", "root/Skeleton3D:forearm_twist.l", "root/Skeleton3D:forearm_twist.r", "root/Skeleton3D:hand.l", "root/Skeleton3D:hand.r", "root/Skeleton3D:head.x", "root/Skeleton3D:neck.x", "root/Skeleton3D:root.x", "root/Skeleton3D:shoulder.l", "root/Skeleton3D:shoulder.r", "root/Skeleton3D:spine_01.x"]
fadein_time = 0.1
fadeout_time = 0.1

[sub_resource type="AnimationNodeAnimation" id="AnimationNodeAnimation_21xsh"]
animation = &"Monstr_idle"
advance_on_start = true

[sub_resource type="AnimationNodeAnimation" id="AnimationNodeAnimation_rag6w"]
animation = &"Monstr_walk"

[sub_resource type="AnimationNodeAnimation" id="AnimationNodeAnimation_ftsks"]
animation = &"Monstr_run"

[sub_resource type="AnimationNodeAnimation" id="AnimationNodeAnimation_712qu"]
animation = &"Monstr_walk"
play_mode = 1

[sub_resource type="AnimationNodeBlendSpace1D" id="AnimationNodeBlendSpace1D_2k7wq"]
blend_point_0/node = SubResource("AnimationNodeAnimation_21xsh")
blend_point_0/pos = 0.0
blend_point_1/node = SubResource("AnimationNodeAnimation_rag6w")
blend_point_1/pos = 1.0
blend_point_2/node = SubResource("AnimationNodeAnimation_ftsks")
blend_point_2/pos = 2.0
blend_point_3/node = SubResource("AnimationNodeAnimation_712qu")
blend_point_3/pos = -1.0
max_space = 2.0

[sub_resource type="AnimationNodeTransition" id="AnimationNodeTransition_pbvo2"]
xfade_time = 0.2
input_0/name = "normal"
input_0/auto_advance = false
input_0/break_loop_at_end = false
input_0/reset = true
input_1/name = "strafe"
input_1/auto_advance = false
input_1/break_loop_at_end = false
input_1/reset = true
input_2/name = "chase"
input_2/auto_advance = false
input_2/break_loop_at_end = false
input_2/reset = true

[sub_resource type="AnimationNodeTransition" id="AnimationNodeTransition_5ltra"]
xfade_time = 0.2
input_0/name = "alive"
input_0/auto_advance = false
input_0/break_loop_at_end = false
input_0/reset = true
input_1/name = "dead"
input_1/auto_advance = false
input_1/break_loop_at_end = false
input_1/reset = true
input_2/name = "angry"
input_2/auto_advance = false
input_2/break_loop_at_end = false
input_2/reset = true

[sub_resource type="AnimationNodeAnimation" id="AnimationNodeAnimation_lmmiu"]
animation = &"Monstr_walk_strafe_l"

[sub_resource type="AnimationNodeAnimation" id="AnimationNodeAnimation_vkm0h"]
animation = &"Monstr_walk_strafe_r"

[sub_resource type="AnimationNodeAnimation" id="AnimationNodeAnimation_0j0it"]
animation = &"Monstr_attack_idle"

[sub_resource type="AnimationNodeBlendSpace1D" id="AnimationNodeBlendSpace1D_llg7d"]
blend_point_0/node = SubResource("AnimationNodeAnimation_lmmiu")
blend_point_0/pos = -1.0
blend_point_1/node = SubResource("AnimationNodeAnimation_vkm0h")
blend_point_1/pos = 1.0
blend_point_2/node = SubResource("AnimationNodeAnimation_0j0it")
blend_point_2/pos = 0.0

[sub_resource type="AnimationNodeBlendTree" id="AnimationNodeBlendTree_21xsh"]
nodes/output/position = Vector2(1376, 192)
nodes/locomotion_blend/node = SubResource("AnimationNodeBlendSpace1D_2k7wq")
nodes/locomotion_blend/position = Vector2(144, -624)
nodes/strafe_blend/node = SubResource("AnimationNodeBlendSpace1D_llg7d")
nodes/strafe_blend/position = Vector2(144, -464)
nodes/move_mode/node = SubResource("AnimationNodeTransition_pbvo2")
nodes/move_mode/position = Vector2(336, -416)
nodes/state/node = SubResource("AnimationNodeTransition_5ltra")
nodes/state/position = Vector2(1216, 144)
nodes/dead/node = SubResource("AnimationNodeAnimation_6ak4d")
nodes/dead/position = Vector2(1024, 208)
nodes/angry/node = SubResource("AnimationNodeAnimation_dec5i")
nodes/angry/position = Vector2(864, 400)
nodes/TimeSeek/node = SubResource("AnimationNodeTimeSeek_6fcqh")
nodes/TimeSeek/position = Vector2(1056, 384)
nodes/attack_oneshot/node = SubResource("AnimationNodeOneShot_712qu")
nodes/attack_oneshot/position = Vector2(656, -208)
nodes/hit_oneshot/node = SubResource("AnimationNodeOneShot_nkaw1")
nodes/hit_oneshot/position = Vector2(832, -144)
nodes/attack_idx/node = SubResource("AnimationNodeTransition_0j0it")
nodes/attack_idx/position = Vector2(336, -160)
nodes/Attack1/node = SubResource("AnimationNodeAnimation_2k7wq")
nodes/Attack1/position = Vector2(144, -128)
nodes/Attack2/node = SubResource("AnimationNodeAnimation_llg7d")
nodes/Attack2/position = Vector2(144, 32)
nodes/Hit/node = SubResource("AnimationNodeAnimation_nkaw1")
nodes/Hit/position = Vector2(624, 96)
nodes/knockdown_oneshot/node = SubResource("AnimationNodeOneShot_dec5i")
nodes/knockdown_oneshot/position = Vector2(1008, -64)
nodes/knockdown/node = SubResource("AnimationNodeAnimation_6fcqh")
nodes/knockdown/position = Vector2(784, 128)
nodes/chase_blend/node = SubResource("AnimationNodeBlendSpace1D_21xsh")
nodes/chase_blend/position = Vector2(144, -304)
nodes/AttackSpeed/node = SubResource("AnimationNodeTimeScale_lmmiu")
nodes/AttackSpeed/position = Vector2(496, -96)
node_connections = [&"output", 0, &"state", &"move_mode", 0, &"locomotion_blend", &"move_mode", 1, &"strafe_blend", &"move_mode", 2, &"chase_blend", &"state", 0, &"knockdown_oneshot", &"state", 1, &"dead", &"state", 2, &"TimeSeek", &"TimeSeek", 0, &"angry", &"attack_oneshot", 0, &"move_mode", &"attack_oneshot", 1, &"AttackSpeed", &"hit_oneshot", 0, &"attack_oneshot", &"hit_oneshot", 1, &"Hit", &"attack_idx", 0, &"Attack1", &"attack_idx", 1, &"Attack2", &"knockdown_oneshot", 0, &"hit_oneshot", &"knockdown_oneshot", 1, &"knockdown", &"AttackSpeed", 0, &"attack_idx"]

[sub_resource type="BoxShape3D" id="BoxShape3D_msovg"]
size = Vector3(2.2810059, 1.8234692, 2.4621277)

[sub_resource type="CapsuleShape3D" id="CapsuleShape3D_lw7nh"]

[sub_resource type="ShaderMaterial" id="ShaderMaterial_rag6w"]
render_priority = 0
shader = ExtResource("25_21xsh")

[sub_resource type="SphereMesh" id="SphereMesh_wy1il"]

[node name="Enemy" type="CharacterBody3D" groups=["enemies", "level_detail_objects"]]
collision_layer = 4
collision_mask = 91
collision_priority = 0.6
script = ExtResource("1_ksmh7")
show_debug_label = false
help_radius = 8.0
agent_radius = 0.5
retreat_speed = 1.5
attack_rotation_speed = 5.0

[node name="VisibleOnScreenNotifier3D" type="VisibleOnScreenNotifier3D" parent="."]
aabb = AABB(-1.0936372, -0.47408557, -0.99435246, 2.1872745, 2.4518332, 1.9887049)

[node name="AlertIndicator" parent="." instance=ExtResource("2_lmmiu")]
transform = Transform3D(1, 0, 0, 0, 1, 0, 0, 0, 1, 0, 2.6, 0)
aggro_color = Color(1, 1, 0, 0.78431374)
attack_color = Color(1, 0, 0, 0.78431374)

[node name="HealthBar3D" parent="." instance=ExtResource("2_twyc1")]
transform = Transform3D(1, 0, 0, 0, 1, 0, 0, 0, 1, 0, 2.175171, 0)
script = ExtResource("3_2ggct")
fade_delay = 5.0

[node name="Components" type="Node" parent="."]

[node name="HealthComponent" parent="Components" instance=ExtResource("2_wqcwe")]
max_health = 8.0

[node name="AnimationController" type="Node" parent="Components" node_paths=PackedStringArray("anim_tree")]
script = ExtResource("5_ftsks")
anim_tree = NodePath("../../Monstr/AnimationTree")

[node name="CombatComponent" type="Node" parent="Components" node_paths=PackedStringArray("punch_hand_r", "punch_hand_l", "attack_area")]
script = ExtResource("5_2k7wq")
faction = 1
self_recoil_strength = 2.5
attack_cooldown = 1.5
combo_window_time = 0.5
combo_cooldown_after_combo = 0.01
attack_roll_cancel_threshold = 0.5
kb_strength_normal = 5.0
kb_height_normal = 8.0
hs_prop_time_scale = 0.5
hs_prop_duration = 0.01
hs_normal_time_scale = 0.4
hs_normal_duration = 0.01
hs_finisher_time_scale = 0.3
hs_finisher_duration = 0.01
punch_hand_r = NodePath("../../Monstr/HitboxesContainer/punch_hand_r")
punch_hand_l = NodePath("../../Monstr/HitboxesContainer/punch_hand_l")
attack_area = NodePath("../../Monstr/PunchArea")

[node name="MovementComponent" type="Node" parent="Components"]
script = ExtResource("6_2k7wq")
rotation_speed = 5.0
acceleration = 5.0
push_force = 2500.0
roll_push_multiplier = 1.5
jump_height = 1.45
jump_time_to_peak = 0.3
jump_time_to_descent = 0.25
second_jump_multiplier = 1.4

[node name="EnemyAttackComponent" type="Node" parent="Components"]
script = ExtResource("8_sb13e")
tactical_retreat_distance = 3.0
retreat_interrupt_range = 0.8

[node name="VisionComponent" type="Node3D" parent="Components"]
script = ExtResource("7_56i32")
sight_range = 6.0
lost_sight_range = 8.0
proximity_detection_range = 2.5
scan_interval = 0.5

[node name="StateMachine" type="Node" parent="." node_paths=PackedStringArray("initial_state")]
script = ExtResource("9_3udgd")
initial_state = NodePath("Idle")

[node name="Idle" type="Node" parent="StateMachine"]
script = ExtResource("10_xmuku")

[node name="Patrol" type="Node" parent="StateMachine"]
script = ExtResource("11_2ggct")

[node name="Chase" type="Node" parent="StateMachine"]
script = ExtResource("12_wy1il")

[node name="Attack" type="Node" parent="StateMachine"]
script = ExtResource("13_53k0f")
warning_lead_time = 0.6

[node name="Frustrated" type="Node" parent="StateMachine"]
script = ExtResource("14_u01qb")

[node name="Dead" type="Node" parent="StateMachine"]
script = ExtResource("15_4teby")

[node name="Flee" type="Node" parent="StateMachine"]
script = ExtResource("17_wy1il")
flee_speed = 1.0

[node name="CombatStance" type="Node" parent="StateMachine"]
script = ExtResource("17_53k0f")

[node name="HitFlash" parent="." instance=ExtResource("4_msovg")]
mesh_path = NodePath("../Monstr/root/Skeleton3D/Monstr")
flash_time = 0.2

[node name="NavigationAgent3D" type="NavigationAgent3D" parent="."]
path_desired_distance = 0.75
avoidance_enabled = true
neighbor_distance = 10.0
max_neighbors = 5
time_horizon_agents = 0.5
time_horizon_obstacles = 1.0
max_speed = 20.0

[node name="Monstr" parent="." instance=ExtResource("3_5lf1o")]

[node name="punch_hand_r" parent="Monstr/HitboxesContainer" index="0"]
transform = Transform3D(-0.1643394, -0.10347472, -0.98096144, -0.22019978, -0.9654009, 0.13875239, -0.96151084, 0.23877628, 0.1358874, -0.74336934, 0.3933649, 0.13215289)

[node name="punch_hand_l" parent="Monstr/HitboxesContainer" index="1"]
transform = Transform3D(-0.16229981, 0.094571605, 0.9821984, 0.22168764, -0.96624476, 0.12970863, 0.9615074, 0.23874356, 0.13588674, 0.7686324, 0.34220862, 0.15128526)

[node name="Skeleton3D" parent="Monstr/root" index="0"]
bones/1/position = Vector3(5.7268287e-11, 0.424105, -0.0038055456)
bones/1/rotation = Quaternion(0.042217515, -2.1071057e-06, -8.685672e-08, 0.9991085)
bones/2/position = Vector3(-0.024206769, 0.24773143, -0.023165237)
bones/2/rotation = Quaternion(-0.0035625282, -0.011766432, -0.023296595, 0.9996531)
bones/2/scale = Vector3(0.99999994, 0.9999999, 0.9999999)
bones/3/rotation = Quaternion(0.23842315, 3.128357e-06, 4.6795194e-06, 0.9711614)
bones/4/position = Vector3(-7.912331e-09, 0.06338386, -2.648917e-07)
bones/4/rotation = Quaternion(-0.24058184, -4.119586e-06, -4.7947437e-06, 0.9706289)
bones/4/scale = Vector3(1, 1.0000001, 1)
bones/5/position = Vector3(-0.12701668, 0.47739205, -0.018639944)
bones/5/rotation = Quaternion(-0.50328225, 0.47770002, 0.5925264, 0.40917268)
bones/6/rotation = Quaternion(-0.5087533, 0.18612863, -0.25634402, 0.8005086)
bones/6/scale = Vector3(1.0000002, 0.99999917, 1)
bones/7/rotation = Quaternion(-3.3644397e-08, -0.3125451, 4.5362462e-08, 0.949903)
bones/7/scale = Vector3(1.0000002, 1.0000008, 0.9999997)
bones/8/rotation = Quaternion(6.8763932e-09, 3.1961715e-08, 0.5058277, 0.86263454)
bones/8/scale = Vector3(1.0000006, 0.9999998, 1)
bones/9/rotation = Quaternion(5.6227445e-09, -0.2438862, -1.1698672e-07, 0.9698039)
bones/10/rotation = Quaternion(-0.22902215, -0.19437723, -0.25582364, 0.91886926)
bones/10/scale = Vector3(0.9999991, 0.9999995, 0.9999994)
bones/11/position = Vector3(0.13084684, 0.47340155, -0.047634125)
bones/11/rotation = Quaternion(0.5738763, 0.3806284, 0.5379449, -0.48621318)
bones/12/rotation = Quaternion(-0.46916854, -0.23530582, -0.019437796, 0.8509608)
bones/12/scale = Vector3(1.0000001, 1.0000006, 1.0000004)
bones/13/rotation = Quaternion(2.6826955e-08, 0.14907263, -3.921609e-08, 0.98882633)
bones/13/scale = Vector3(0.9999997, 0.99999976, 0.99999976)
bones/14/rotation = Quaternion(1.2865584e-07, -3.0386111e-09, -0.36612964, 0.9305639)
bones/14/scale = Vector3(0.9999997, 0.9999999, 0.99999994)
bones/15/rotation = Quaternion(-5.2411465e-08, 0.26670292, -2.966752e-09, 0.9637789)
bones/16/rotation = Quaternion(-0.21351491, 0.20865342, 0.28306043, 0.911456)
bones/16/scale = Vector3(0.99999905, 0.9999991, 0.9999994)
bones/17/rotation = Quaternion(0.7477942, 0.3975258, 0.5099369, 0.15080257)
bones/17/scale = Vector3(0.99999994, 1.0000001, 0.9999997)
bones/18/rotation = Quaternion(1.5442668e-08, 0.15572155, 5.061678e-08, 0.987801)
bones/19/rotation = Quaternion(2.3143368e-08, -4.0116507e-08, 0.33880413, 0.940857)
bones/19/scale = Vector3(0.99999964, 0.9999998, 0.99999976)
bones/20/rotation = Quaternion(0.10889241, 0.69694376, -0.29429525, 0.64482737)
bones/20/scale = Vector3(1.0000004, 1.0000002, 1.0000001)
bones/21/rotation = Quaternion(-4.918134e-07, 0.91525155, 0.4028828, -5.757998e-07)
bones/22/rotation = Quaternion(-1.8188504e-07, 0.084841885, 1.9273277e-07, 0.9963945)
bones/23/rotation = Quaternion(0.7285253, -0.22181903, -0.63233346, -0.14213249)
bones/23/scale = Vector3(0.99999994, 0.9999999, 0.9999997)
bones/24/rotation = Quaternion(-7.246733e-08, -0.038814515, 2.030985e-08, 0.9992464)
bones/25/rotation = Quaternion(4.01912e-08, -4.8987733e-08, -0.27993602, 0.96001863)
bones/25/scale = Vector3(0.99999994, 1.0000001, 0.9999997)
bones/26/rotation = Quaternion(0.18244779, -0.5019173, 0.5352467, 0.6544485)
bones/26/scale = Vector3(1.0000002, 1, 1)
bones/27/rotation = Quaternion(3.8668566e-07, 0.91525155, 0.40288314, 4.4961544e-07)
bones/28/rotation = Quaternion(-4.0561407e-08, 0.001905988, 6.8218977e-09, 0.9999982)

[node name="Monstr" parent="Monstr/root/Skeleton3D" index="0"]
layers = 2

[node name="hand_r" parent="Monstr/root/Skeleton3D" index="1"]
transform = Transform3D(-0.16692549, -0.11469796, -0.97927475, -0.21787858, -0.96436477, 0.15009119, -0.9615941, 0.2384172, 0.13598716, -0.7215246, 0.5770325, 0.08674526)

[node name="RemoteTransform3D" parent="Monstr/root/Skeleton3D/hand_r" index="0"]
transform = Transform3D(1, 0, 0, 0, 1, 0, 0, 0, 1, 0, 0.19045451, 4.656613e-10)

[node name="hand_l" parent="Monstr/root/Skeleton3D" index="2"]
transform = Transform3D(-0.16560853, 0.108978465, 0.9801514, 0.21881367, -0.9650417, 0.14426956, 0.9616091, 0.23836294, 0.13597295, 0.747877, 0.52600515, 0.10588797)

[node name="RemoteTransform3D" parent="Monstr/root/Skeleton3D/hand_l" index="0"]
transform = Transform3D(1, 0, 0, 0, 1, 0, 0, 0, 1, 0, 0.19045451, 4.656613e-10)

[node name="Physical Bone root_x" parent="Monstr/root/Skeleton3D/PhysicalBoneSimulator3D" index="0"]
transform = Transform3D(1, -6.9045886e-06, 8.0916726e-07, 2.2381448e-07, -0.0843596, -0.99643546, 6.9482376e-06, 0.9964354, -0.0843596, -4.469965e-06, 0.56758416, 0.008577325)
joint_offset = Transform3D(1, 0, 0, 0, 1, 0, 0, 0, 1, 4.3512055e-06, -0.00023484524, 0.14401232)
body_offset = Transform3D(1, -2.8610234e-06, 8.195633e-07, 8.1956387e-07, 2.4586916e-07, -1.0000001, 2.8610234e-06, 1.0000001, 2.5331974e-07, -4.4699045e-06, 0.14401233, 0.00023480877)

[node name="Physical Bone spine_01_x" parent="Monstr/root/Skeleton3D/PhysicalBoneSimulator3D" index="1"]
transform = Transform3D(0.9986334, -0.02337343, -0.04674484, -0.048416447, -0.07697219, -0.995857, 0.01967854, 0.99675924, -0.07799866, -0.012489639, 0.92223895, 0.0134731205)
joint_offset = Transform3D(1, 0, 0, 0, 1, 0, 0, 0, 1, -1.2284971e-05, 6.572748e-05, 0.2503641)
body_offset = Transform3D(1.0000001, 2.4959445e-06, -9.066553e-05, -9.067205e-05, -0.000282377, -1.0000002, -2.520159e-06, 1.0000002, -0.000282377, 3.49842e-05, 0.25036418, 4.9695373e-06)

[node name="Physical Bone neck_x" parent="Monstr/root/Skeleton3D/PhysicalBoneSimulator3D" index="2"]
transform = Transform3D(0.99862975, -0.04233235, -0.030767104, -0.048547335, -0.52987117, -0.8466875, 0.01953967, 0.84702104, -0.5312002, -0.0005501462, 1.1842036, 0.048951134)
joint_offset = Transform3D(1, 0, 0, 0, 1, 0, 0, 0, 1, 1.1715469e-05, 2.9812298e-05, 0.032394793)
body_offset = Transform3D(1, -1.4901161e-08, -0.00027378928, -0.00027379207, -0.000839293, -1.0000001, -2.0861626e-07, 0.99999994, -0.0008393228, -2.8461218e-06, 0.032394826, -2.6226044e-06)

[node name="Physical Bone shoulder_r" parent="Monstr/root/Skeleton3D/PhysicalBoneSimulator3D" index="3"]
transform = Transform3D(-0.13426344, -0.16187954, 0.97763413, 0.0878138, 0.98074186, 0.17445405, -0.98704714, 0.10927258, -0.11746253, -0.32420027, 1.1209809, 0.03355077)
joint_offset = Transform3D(1, 0, 0, 0, 1, 0, 0, 0, 1, -1.4697877e-05, -2.7489616e-05, 0.20033526)
body_offset = Transform3D(0.99999964, -0.00024096668, -0.0008928031, -0.00089256465, 0.0015007704, -0.9999985, 0.00024232268, 0.9999989, 0.0015004929, 0.00019355118, 0.200335, -0.00027310848)

[node name="Physical Bone arm_stretch_r" parent="Monstr/root/Skeleton3D/PhysicalBoneSimulator3D" index="4"]
transform = Transform3D(0.4834716, -0.22593391, -0.8457004, 0.1374719, -0.9345317, 0.32825598, -0.8644979, -0.27496248, -0.42076004, -0.50632966, 1.0889709, 0.055852417)
joint_offset = Transform3D(1, 0, 0, 0, 1, 0, 0, 0, 1, -1.9213561e-05, -5.9024524e-06, 4.8949158e-05)
body_offset = Transform3D(0.99999946, -0.00011853874, -0.0011103749, 0.00012008846, 1.0000002, 0.001297377, 0.0011103153, -0.0012976378, 0.9999986, 1.9267201e-05, 5.841255e-06, -4.8935413e-05)

[node name="Physical Bone forearm_stretch_r" parent="Monstr/root/Skeleton3D/PhysicalBoneSimulator3D" index="5"]
transform = Transform3D(0.03799098, -0.8445742, 0.5340891, -0.7474385, 0.3307262, 0.57615626, -0.6632439, -0.42108744, -0.61870265, -0.62985724, 0.67593694, -0.019691773)
joint_offset = Transform3D(1, 0, 0, 0, 1, 0, 0, 0, 1, 9.157815e-06, 3.4019416e-05, 0.058718864)
body_offset = Transform3D(0.99999934, -0.000997901, -0.0006954074, -0.00069507957, -0.0006236434, -0.9999999, 0.0009973943, 0.9999993, -0.00062417984, 3.170967e-05, 0.05871889, 2.6226044e-06)

[node name="Physical Bone shoulder_l" parent="Monstr/root/Skeleton3D/PhysicalBoneSimulator3D" index="6"]
transform = Transform3D(0.08770316, 0.2921705, -0.95233643, -0.16602325, 0.9469361, 0.27522424, 0.9822141, 0.13397194, 0.13155639, 0.31918848, 1.0873312, -0.044887073)
joint_offset = Transform3D(1, 0, 0, 0, 1, 0, 0, 0, 1, 0.004589106, 0.00022491204, 0.19950159)
body_offset = Transform3D(0.99986047, 0.002705872, -0.016504273, -0.016507149, 0.0010404754, -0.9998634, -0.002688378, 0.99999595, 0.0010850057, -0.0012964457, 0.19954984, -0.00042903423)

[node name="Physical Bone arm_stretch_l" parent="Monstr/root/Skeleton3D/PhysicalBoneSimulator3D" index="7"]
transform = Transform3D(0.39243212, 0.3289, 0.8589656, 0.19665298, -0.94228876, 0.2709606, 0.8985125, 0.06258451, -0.43446353, 0.49738318, 1.0367323, -0.0711767)
joint_offset = Transform3D(1, 0, 0, 0, 1, 0, 0, 0, 1, 0, 0, 0)
body_offset = Transform3D(0.99999994, 0.00020097196, 0.00048294663, -0.00020073354, 0.99999946, -0.0003924407, -0.00048312545, 0.0003921073, 0.9999995, 0, 0, 0)

[node name="Physical Bone forearm_stretch_l" parent="Monstr/root/Skeleton3D/PhysicalBoneSimulator3D" index="8"]
transform = Transform3D(0.06364893, 0.8594574, -0.5072297, 0.7853835, 0.27044812, 0.5568038, 0.61572844, -0.43380985, -0.6577899, 0.6605602, 0.62151605, -0.0071705617)
joint_offset = Transform3D(1, 0, 0, 0, 1, 0, 0, 0, 1, -5.5094122e-05, -6.3683154e-05, 0.058675412)
body_offset = Transform3D(0.9999994, 0.00065127015, 0.0009264648, 0.000926286, 0.0010069311, -0.99999905, -0.0006521344, 0.99999917, 0.0010065138, 7.748604e-07, 0.058675468, 4.5895576e-06)

[node name="Physical Bone thigh_stretch_l" parent="Monstr/root/Skeleton3D/PhysicalBoneSimulator3D" index="9"]
transform = Transform3D(0.16492474, 0.4401556, 0.8826454, 0.6912256, -0.6899449, 0.21490276, 0.7035673, 0.5746643, -0.4180358, 0.20559287, 0.401862, -0.014219838)
joint_offset = Transform3D(0.999999, 0, 0, 0, 1, 0, 0, 0, 0.999999, 1.1316262e-05, 3.251285e-05, -6.457412e-05)
body_offset = Transform3D(0.9999994, -0.0005955398, -0.00089496374, 0.00059610605, 0.9999995, 0.0005427599, 0.0008946061, -0.00054329634, 0.99999964, -1.1354685e-05, -3.248453e-05, 6.458163e-05)

[node name="Physical Bone leg_stretch_l" parent="Monstr/root/Skeleton3D/PhysicalBoneSimulator3D" index="10"]
transform = Transform3D(0.40697587, 0.88261855, -0.23527671, 0.093766816, 0.21584429, 0.9719151, 0.9086135, -0.41760713, 0.0050830804, 0.30551115, 0.19819796, 0.09180084)
joint_offset = Transform3D(1, 0, 0, 0, 1, 0, 0, 0, 1, 3.2680535e-05, 4.134383e-06, 0.07823378)
body_offset = Transform3D(1.0000002, 0.00012296438, -0.00063144276, -0.00063163694, 6.478443e-05, -1, -0.00012290478, 1.0000005, 6.4915046e-05, 1.6719103e-05, 0.0782338, -9.208918e-06)

[node name="Physical Bone foot_l" parent="Monstr/root/Skeleton3D/PhysicalBoneSimulator3D" index="11"]
transform = Transform3D(-0.9617727, 0.21648496, -0.1677129, 0.00093923614, 0.6150321, 0.7885015, 0.27384755, 0.75820166, -0.5917244, 0.33545485, 0.070583805, 0.13254176)
joint_offset = Transform3D(1, 0, 0, 0, 1, 0, 0, 0, 1, 0.0005594912, -0.00037023507, 0.06939057)
body_offset = Transform3D(0.9999981, -0.0020355433, 0.00039613247, 0.000393793, -0.0012735724, -0.99999917, 0.0020359159, 0.9999975, -0.0012730956, -0.0005877316, 0.06938982, 0.00045743585)

[node name="Physical Bone thigh_stretch_r" parent="Monstr/root/Skeleton3D/PhysicalBoneSimulator3D" index="12"]
transform = Transform3D(0.10099297, -0.50709105, -0.85595506, -0.05995767, -0.8618924, 0.50353414, -0.9930788, 0.000467665, -0.11744906, -0.20550546, 0.4018374, -0.014169353)
joint_offset = Transform3D(0.999999, 0, 0, 0, 1, 0, 0, 0, 0.999999, -4.2786914e-06, 2.6663023e-05, 3.799374e-05)
body_offset = Transform3D(0.99999964, -0.0005155046, -0.0007606968, 0.00051185075, 0.9999887, -0.0047683073, 0.000763081, 0.0047678687, 0.9999886, 4.3213367e-06, -2.6479363e-05, -3.811717e-05)

[node name="Physical Bone leg_stretch_r" parent="Monstr/root/Skeleton3D/PhysicalBoneSimulator3D" index="13"]
transform = Transform3D(0.36238942, -0.8548902, 0.37126365, 0.41365188, 0.50448346, 0.75788426, -0.8352041, -0.12107533, 0.5364464, -0.32780668, 0.18261126, -0.05582969)
joint_offset = Transform3D(1, 0, 0, 0, 1, 0, 0, 0, 1, 0.00020810396, -9.8069984e-05, 0.0781405)
body_offset = Transform3D(0.99997854, 0.005731471, -0.0032788515, -0.0032583177, -0.0036117062, -0.9999883, -0.005743243, 0.99997765, -0.0035928413, 4.867371e-05, 0.078139916, 0.0003800094)

[node name="Physical Bone foot_r" parent="Monstr/root/Skeleton3D/PhysicalBoneSimulator3D" index="14"]
transform = Transform3D(-0.95017296, -0.24467474, 0.19314697, 0.0022278312, 0.6142642, 0.7890973, -0.31171545, 0.7502092, -0.5831121, -0.3682144, 0.07005967, -0.05560421)
joint_offset = Transform3D(1, 0, 0, 0, 1, 0, 0, 0, 1, 0.00043800002, 0.0003944291, 0.06940626)
body_offset = Transform3D(0.99999756, -0.0018794239, -0.001359418, -0.0013600886, -0.00030091405, -0.99999934, 0.0018794537, 0.9999983, -0.00030344725, -0.00034290552, 0.06940694, -0.0003741905)

[node name="AnimationPlayer" parent="Monstr" index="2"]
callback_mode_process = 2
autoplay = "Monstr_idle"
playback_default_blend_time = 0.2
blend_times = [&"Monstr_idle", &"Monstr_angry", 0.2, &"Monstr_idle", &"Monstr_attack_1", 0.2, &"Monstr_idle", &"Monstr_attack_idle", 0.2, &"Monstr_idle", &"Monstr_idle", 0.2, &"Monstr_idle", &"Monstr_knockdown", 0.2, &"Monstr_idle", &"Monstr_walk", 0.2]

[node name="AnimationTree" type="AnimationTree" parent="Monstr"]
tree_root = SubResource("AnimationNodeBlendTree_21xsh")
anim_player = NodePath("../AnimationPlayer")
parameters/locomotion_blend/blend_position = 0.0
parameters/strafe_blend/blend_position = 0.0
parameters/move_mode/current_state = "chase"
parameters/move_mode/transition_request = ""
parameters/move_mode/current_index = 2
parameters/state/current_state = "alive"
parameters/state/transition_request = ""
parameters/state/current_index = 0
parameters/TimeSeek/seek_request = -1.0
parameters/attack_oneshot/active = false
parameters/attack_oneshot/internal_active = false
parameters/attack_oneshot/request = 0
parameters/hit_oneshot/active = false
parameters/hit_oneshot/internal_active = false
parameters/hit_oneshot/request = 0
parameters/attack_idx/current_state = "Attack1"
parameters/attack_idx/transition_request = ""
parameters/attack_idx/current_index = 0
parameters/knockdown_oneshot/active = false
parameters/knockdown_oneshot/internal_active = false
parameters/knockdown_oneshot/request = 0
parameters/chase_blend/blend_position = 0.0
parameters/AttackSpeed/scale = 1.0

[node name="PunchArea" type="Area3D" parent="Monstr"]
collision_layer = 2

[node name="CollisionShape3D" type="CollisionShape3D" parent="Monstr/PunchArea"]
transform = Transform3D(1, 0, 0, 0, 1, 0, 0, 0, 1, 1.4210855e-14, 1.1625726, 1.4440575)
shape = SubResource("BoxShape3D_msovg")

[node name="CollisionShape3D" type="CollisionShape3D" parent="."]
transform = Transform3D(1, 0, 0, 0, 1, 0, 0, 0, 1, 0, 1, 0)
shape = SubResource("CapsuleShape3D_lw7nh")

[node name="AttackTimer" type="Timer" parent="."]

[node name="SoundBank" type="Node3D" parent="."]

[node name="SfxHurtVoice" type="AudioStreamPlayer3D" parent="SoundBank"]
volume_db = -5.0
max_distance = 15.0
bus = &"SFX"
script = ExtResource("18_4teby")
streams = Array[AudioStream]([ExtResource("19_8edke")])
min_pitch = 1.0
max_pitch = 1.2

[node name="SfxFleshHit" type="AudioStreamPlayer3D" parent="SoundBank"]
volume_db = 80.0
max_db = 6.0
max_distance = 15.0
bus = &"SFX"
script = ExtResource("18_4teby")
streams = Array[AudioStream]([ExtResource("20_ku6gj"), ExtResource("21_8edke"), ExtResource("22_y4tt3"), ExtResource("23_21xsh")])

[node name="SfxDeathImpact" type="AudioStreamPlayer3D" parent="SoundBank"]
volume_db = 10.0
max_db = 6.0
max_distance = 15.0
bus = &"SFX"
script = ExtResource("18_4teby")
streams = Array[AudioStream]([ExtResource("24_y4tt3")])

[node name="GrassCollision" type="MeshInstance3D" parent="."]
transform = Transform3D(1, 0, 0, 0, 1, 0, 0, 0, 1, 0, 0.5, 0)
layers = 65536
material_override = SubResource("ShaderMaterial_rag6w")
mesh = SubResource("SphereMesh_wy1il")

[node name="DebugLabel" type="Label3D" parent="."]
transform = Transform3D(1, 0, 0, 0, 1, 0, 0, 0, 1, 0, 2.680199, 0)
billboard = 1
no_depth_test = true
text = "Debug"
font_size = 22
outline_size = 2

[connection signal="screen_entered" from="VisibleOnScreenNotifier3D" to="." method="_on_visible_on_screen_notifier_3d_screen_entered"]
[connection signal="screen_exited" from="VisibleOnScreenNotifier3D" to="." method="_on_visible_on_screen_notifier_3d_screen_exited"]

[editable path="Monstr"]
