[gd_scene load_steps=19 format=3 uid="uid://duk5b06ohkpsc"]

[ext_resource type="PackedScene" uid="uid://c6017hromuhsr" path="res://assets/models/characters/Monstr.glb" id="1_io610"]
[ext_resource type="Material" uid="uid://c3gmswlr7otco" path="res://assets/_master/MasterPalette.tres" id="2_a184d"]

[sub_resource type="SphereShape3D" id="SphereShape3D_a184d"]
radius = 0.8

[sub_resource type="CapsuleShape3D" id="CapsuleShape3D_d0q8b"]
radius = 0.1352539
height = 0.3623047

[sub_resource type="CapsuleShape3D" id="CapsuleShape3D_pdjmw"]
radius = 0.12646484
height = 0.38537896

[sub_resource type="CapsuleShape3D" id="CapsuleShape3D_q662k"]
radius = 0.083984375
height = 0.21433221

[sub_resource type="CapsuleShape3D" id="CapsuleShape3D_m8chi"]
radius = 0.08544922
height = 0.3866403

[sub_resource type="CapsuleShape3D" id="CapsuleShape3D_88lw2"]
radius = 0.0859375
height = 0.4134903

[sub_resource type="CapsuleShape3D" id="CapsuleShape3D_wcel4"]
radius = 0.07910156
height = 0.27893066

[sub_resource type="CapsuleShape3D" id="CapsuleShape3D_olajq"]
radius = 0.08691406
height = 0.3866404

[sub_resource type="CapsuleShape3D" id="CapsuleShape3D_s76kl"]
radius = 0.1
height = 0.43674317

[sub_resource type="CapsuleShape3D" id="CapsuleShape3D_wkn5m"]
radius = 0.095214844
height = 0.30610353

[sub_resource type="CapsuleShape3D" id="CapsuleShape3D_dv28l"]
radius = 0.055664063
height = 0.21237794

[sub_resource type="CapsuleShape3D" id="CapsuleShape3D_8uajf"]
radius = 0.040039063
height = 0.15347064

[sub_resource type="CapsuleShape3D" id="CapsuleShape3D_xw5iv"]
radius = 0.0390625
height = 0.1356166

[sub_resource type="CapsuleShape3D" id="CapsuleShape3D_ojtb5"]
radius = 0.05029297
height = 0.17817383

[sub_resource type="CapsuleShape3D" id="CapsuleShape3D_dsja0"]
radius = 0.037109375
height = 0.15347065

[sub_resource type="CapsuleShape3D" id="CapsuleShape3D_5mx8a"]
radius = 0.030761719
height = 0.1356166

[node name="Monstr" instance=ExtResource("1_io610")]

[node name="HitboxesContainer" type="Node3D" parent="." index="0"]

[node name="punch_hand_r" type="Area3D" parent="HitboxesContainer" index="0"]
transform = Transform3D(-0.1572888, -0.07266781, -0.9848755, -0.2248956, -0.9684487, 0.1073723, -0.961604, 0.23838311, 0.13598341, -0.21653093, 1.1641675, -0.8245263)
collision_layer = 2

[node name="CollisionShape3D" type="CollisionShape3D" parent="HitboxesContainer/punch_hand_r" index="0"]
shape = SubResource("SphereShape3D_a184d")

[node name="punch_hand_l" type="Area3D" parent="HitboxesContainer" index="1"]
transform = Transform3D(-0.15659972, 0.06965396, 0.98520255, 0.22539818, -0.96866584, 0.10431499, 0.9615988, 0.23840052, 0.13599402, 0.173846, 0.52454704, 1.6614796)
collision_layer = 2

[node name="CollisionShape3D" type="CollisionShape3D" parent="HitboxesContainer/punch_hand_l" index="0"]
transform = Transform3D(1, 7.947286e-08, -2.9802326e-08, -7.947286e-08, 1, 2.4835268e-08, 2.980233e-08, -2.4835266e-08, 1, 0, 0, 0)
shape = SubResource("SphereShape3D_a184d")

[node name="Skeleton3D" parent="root" index="0"]
bones/0/rotation = Quaternion(4.86768e-08, 8.742278e-08, 3.3001185e-15, 1)
bones/1/position = Vector3(-2.9623115e-09, 0.36934385, 0.12347373)
bones/1/rotation = Quaternion(0.104222365, -0.26424938, -0.094272695, 0.9541607)
bones/2/position = Vector3(0.0153832575, 0.26337665, -0.024791425)
bones/2/rotation = Quaternion(0.2058111, -0.10644834, -0.03456939, 0.97217053)
bones/3/rotation = Quaternion(0.23842315, 3.1310985e-06, 4.678481e-06, 0.9711614)
bones/4/position = Vector3(-0.014783665, 0.08969348, 0.114852235)
bones/4/rotation = Quaternion(-0.22732499, 0.091529526, -0.085552394, 0.96572596)
bones/4/scale = Vector3(1, 0.99999994, 1.0000001)
bones/5/position = Vector3(-0.12985577, 0.4753111, -0.031378765)
bones/5/rotation = Quaternion(-0.5774062, 0.4347712, 0.5075222, 0.46903864)
bones/6/rotation = Quaternion(-0.23222865, -0.13258062, -0.38310108, 0.8841526)
bones/6/scale = Vector3(1.0000002, 0.91918814, 0.9999999)
bones/7/rotation = Quaternion(-1.1510644e-07, -0.24403282, 1.3468953e-07, 0.969767)
bones/7/scale = Vector3(1.0000002, 1.0000007, 0.99999994)
bones/8/rotation = Quaternion(-0.027936516, -0.00020568793, 0.22049755, 0.97498745)
bones/8/scale = Vector3(1.01677, 1.2824486, 1.0002654)
bones/9/rotation = Quaternion(-1.8180255e-07, 0.021935072, 1.3457274e-07, 0.99975944)
bones/10/rotation = Quaternion(-0.043800686, 0.02823588, -0.05351972, 0.9972061)
bones/10/scale = Vector3(0.99824667, 0.83922935, 0.9989707)
bones/11/position = Vector3(0.12819615, 0.47652757, -0.023932464)
bones/11/rotation = Quaternion(0.3141846, 0.5646426, 0.67496705, -0.3562111)
bones/12/rotation = Quaternion(0.06980471, -0.49268365, -0.07099621, 0.8644939)
bones/12/scale = Vector3(0.9999999, 0.99999976, 0.9999998)
bones/13/rotation = Quaternion(-7.5847254e-08, 0.435045, -9.506574e-09, 0.9004087)
bones/13/scale = Vector3(0.99999976, 0.9999999, 0.99999994)
bones/14/rotation = Quaternion(-5.101989e-07, -4.2318774e-08, -0.29029372, 0.9569376)
bones/14/scale = Vector3(1, 0.9999995, 1.0000001)
bones/15/rotation = Quaternion(-5.320144e-08, -0.16403131, 7.820758e-08, 0.9864552)
bones/16/rotation = Quaternion(0.1174776, -0.18877931, -0.040595125, 0.974122)
bones/16/scale = Vector3(1.1146204, 1.1146209, 1.1146204)
bones/17/rotation = Quaternion(0.80207455, 0.5086552, 0.07224545, -0.30451107)
bones/17/scale = Vector3(0.9999997, 1.0000004, 0.9999996)
bones/18/rotation = Quaternion(-6.863833e-08, 0.57957107, 2.0278693e-08, 0.81492174)
bones/19/rotation = Quaternion(9.203331e-08, 9.5180695e-08, 0.6484874, 0.76122546)
bones/19/scale = Vector3(0.9999998, 0.9999996, 0.99999976)
bones/20/rotation = Quaternion(0.14540441, 0.6824663, -0.68463624, 0.21064338)
bones/20/scale = Vector3(1, 1.0000002, 1.0000002)
bones/21/rotation = Quaternion(-2.3596622e-05, 0.915258, 0.40286824, -1.0778878e-05)
bones/22/rotation = Quaternion(6.9417304e-08, 0.48899508, 8.5677804e-08, 0.87228656)
bones/23/rotation = Quaternion(0.5925598, -0.1852663, -0.7738717, -0.12518777)
bones/23/scale = Vector3(1, 0.9999998, 0.9999996)
bones/24/rotation = Quaternion(-1.0266689e-07, 0.15715544, 2.3838773e-08, 0.98757386)
bones/25/rotation = Quaternion(-6.413705e-08, -2.1545588e-08, -0.0022991896, 0.9999974)
bones/25/scale = Vector3(1.0000005, 1, 0.9999996)
bones/26/rotation = Quaternion(0.069015615, -0.51630646, 0.45689696, 0.7210477)
bones/26/scale = Vector3(1.0000001, 1, 1.0000002)
bones/27/rotation = Quaternion(-0.01271145, 0.9096834, 0.4150729, -0.0053929337)
bones/28/rotation = Quaternion(2.760318e-08, 0.027269406, 9.769138e-09, 0.9996282)

[node name="Monstr" parent="root/Skeleton3D" index="0"]
surface_material_override/0 = ExtResource("2_a184d")

[node name="hand_r" type="BoneAttachment3D" parent="root/Skeleton3D" index="1"]
transform = Transform3D(0.90078497, -0.00081060454, -0.4546378, 0.45830262, -0.13718998, 0.8786799, 0.03928929, -0.98877144, -0.1395576, -0.21631613, 1.2005216, -0.56251085)
bone_name = "hand.r"
bone_idx = 10

[node name="RemoteTransform3D" type="RemoteTransform3D" parent="root/Skeleton3D/hand_r" index="0"]
transform = Transform3D(1, 0, 0, 0, 1, 0, 0, 0, 1, 0, 0.26499096, -9.313226e-10)
remote_path = NodePath("../../../../HitboxesContainer/punch_hand_r")
update_rotation = false
update_scale = false

[node name="hand_l" type="BoneAttachment3D" parent="root/Skeleton3D" index="2"]
transform = Transform3D(-0.32902327, -0.11648704, 1.0585613, 1.0570652, 0.09886247, 0.33943725, -0.12936392, 1.1040993, 0.081289396, 0.20471402, 0.4983494, 1.3689033)
bone_name = "hand.l"
bone_idx = 16

[node name="RemoteTransform3D" type="RemoteTransform3D" parent="root/Skeleton3D/hand_l" index="0"]
transform = Transform3D(1, 0, 0, 0, 1, 0, 0, 0, 1, 0, 0.26499096, -9.313226e-10)
remote_path = NodePath("../../../../HitboxesContainer/punch_hand_l")
update_rotation = false
update_scale = false

[node name="PhysicalBoneSimulator3D" type="PhysicalBoneSimulator3D" parent="root/Skeleton3D" index="3"]

[node name="Physical Bone root_x" type="PhysicalBone3D" parent="root/Skeleton3D/PhysicalBoneSimulator3D" index="0"]
transform = Transform3D(0.8425681, -0.52392614, -0.12482156, -0.23498426, -0.14906499, -0.96050096, 0.48462498, 0.8386186, -0.2487118, 0.017339027, 0.5027722, 0.1580243)
collision_layer = 512
collision_mask = 88
joint_type = 3
joint_offset = Transform3D(0.999999, 0, 0, 0, 1, 0, 0, 0, 0.999999, 2.2640307e-07, -8.493955e-07, 0.13891548)
body_offset = Transform3D(0.99999994, -3.606081e-06, 3.2782555e-07, 2.9802322e-07, 1.0579824e-06, -0.99999994, 3.5464764e-06, 1, 1.0728836e-06, -2.719462e-07, 0.13891548, 7.003546e-07)
friction = 0.5
bounce = 0.5
linear_damp = 0.2
angular_damp = 0.2
bone_name = "root.x"
joint_constraints/angular_limit_enabled = true
joint_constraints/angular_limit_upper = 49.999992
joint_constraints/angular_limit_lower = -49.999992
joint_constraints/angular_limit_bias = 0.3
joint_constraints/angular_limit_softness = 0.9
joint_constraints/angular_limit_relaxation = 1.0

[node name="CollisionShape3D" type="CollisionShape3D" parent="root/Skeleton3D/PhysicalBoneSimulator3D/Physical Bone root_x" index="0"]
transform = Transform3D(1, 5.4285465e-12, 5.0476956e-11, 0, -1.8626451e-07, 0.9999947, 0, -0.9999947, -4.4703484e-08, 3.2684966e-13, 3.7252903e-09, -0.055175483)
shape = SubResource("CapsuleShape3D_d0q8b")

[node name="Physical Bone spine_01_x" type="PhysicalBone3D" parent="root/Skeleton3D/PhysicalBoneSimulator3D" index="1"]
transform = Transform3D(0.70661896, -0.7030745, 0.079849005, -0.36447436, -0.45837128, -0.81058884, 0.60650486, 0.5436745, -0.5801465, 0.039424304, 0.8193059, 0.31657672)
collision_layer = 512
collision_mask = 88
joint_type = 3
joint_offset = Transform3D(0.999999, 0, 0, 0, 1, 0, 0, 0, 0.999999, 2.349671e-07, -5.3023505e-06, 0.2429224)
body_offset = Transform3D(1.0000001, -1.6093254e-06, 5.662441e-07, 6.2584877e-07, 1.4305115e-06, -0.99999994, 1.6093254e-06, 1, 1.4007092e-06, -3.7252903e-07, 0.24292237, 4.9620867e-06)
friction = 0.5
bounce = 0.5
linear_damp = 0.2
angular_damp = 0.2
bone_name = "spine_01.x"
joint_constraints/angular_limit_enabled = true
joint_constraints/angular_limit_upper = 49.999992
joint_constraints/angular_limit_lower = -49.999992
joint_constraints/angular_limit_bias = 0.3
joint_constraints/angular_limit_softness = 0.9
joint_constraints/angular_limit_relaxation = 1.0

[node name="CollisionShape3D" type="CollisionShape3D" parent="root/Skeleton3D/PhysicalBoneSimulator3D/Physical Bone spine_01_x" index="0"]
transform = Transform3D(1, -2.5588088e-07, 1.1175871e-07, 0, 1.6018748e-07, 1.0000246, -4.0745363e-10, -1.0000246, -5.2154064e-08, -1.8626451e-08, 1.8626451e-09, -0.07110834)
shape = SubResource("CapsuleShape3D_pdjmw")

[node name="Physical Bone neck_x" type="PhysicalBone3D" parent="root/Skeleton3D/PhysicalBoneSimulator3D" index="2"]
transform = Transform3D(0.7066234, -0.58615476, 0.39636606, -0.3644623, -0.7816429, -0.50616366, 0.60650694, 0.21320662, -0.76595837, 0.007470144, 1.0322608, 0.48177677)
collision_layer = 512
collision_mask = 88
joint_type = 3
joint_offset = Transform3D(0.999999, 0, 0, 0, 1, 0, 0, 0, 0.999999, 1.6812072e-06, -8.888725e-07, 0.031683847)
body_offset = Transform3D(1, 2.130866e-06, -3.874302e-07, -3.2782555e-07, 1.4901161e-08, -1.0000005, -2.130866e-06, 1.0000002, -1.6391277e-07, -1.66893e-06, 0.031683862, 8.940697e-07)
friction = 0.5
bounce = 0.5
linear_damp = 0.2
angular_damp = 0.2
bone_name = "neck.x"
joint_constraints/angular_limit_enabled = true
joint_constraints/angular_limit_upper = 49.999992
joint_constraints/angular_limit_lower = -49.999992
joint_constraints/angular_limit_bias = 0.3
joint_constraints/angular_limit_softness = 0.9
joint_constraints/angular_limit_relaxation = 1.0

[node name="CollisionShape3D" type="CollisionShape3D" parent="root/Skeleton3D/PhysicalBoneSimulator3D/Physical Bone neck_x" index="0"]
transform = Transform3D(1, -1.6763806e-07, 0, -7.450581e-09, 0, 1, -9.313226e-10, -1, -2.9802322e-08, -1.4901161e-08, 5.9604645e-08, -0.0754745)
shape = SubResource("CapsuleShape3D_q662k")

[node name="Physical Bone shoulder_r" type="PhysicalBone3D" parent="root/Skeleton3D/PhysicalBoneSimulator3D" index="3"]
transform = Transform3D(0.7763303, -0.17288402, 0.6061538, 0.39560238, 0.88230574, -0.2550204, -0.49072397, 0.43777597, 0.753354, -0.16600455, 1.1187031, 0.20993403)
collision_layer = 512
collision_mask = 88
joint_type = 3
joint_offset = Transform3D(0.999999, 0, 0, 0, 1, 0, 0, 0, 0.999999, -7.922348e-06, -7.596107e-06, 0.19332418)
body_offset = Transform3D(1.0000005, 2.0891428e-05, 3.6895275e-05, 3.707409e-05, -1.3828278e-05, -1.0000002, -2.0951033e-05, 1.0000002, -1.3738871e-05, 7.8976154e-07, 0.19332422, 1.0251999e-05)
friction = 0.5
bounce = 0.5
linear_damp = 0.2
angular_damp = 0.2
bone_name = "shoulder.r"
joint_constraints/angular_limit_enabled = true
joint_constraints/angular_limit_upper = 49.999992
joint_constraints/angular_limit_lower = -49.999992
joint_constraints/angular_limit_bias = 0.3
joint_constraints/angular_limit_softness = 0.9
joint_constraints/angular_limit_relaxation = 1.0

[node name="CollisionShape3D" type="CollisionShape3D" parent="root/Skeleton3D/PhysicalBoneSimulator3D/Physical Bone shoulder_r" index="0"]
transform = Transform3D(1, 4.246831e-07, 5.2154064e-08, 0, -6.9011e-07, 1.0000015, 7.450581e-09, -1.0000007, 1.238659e-07, 0, 0, 0)
shape = SubResource("CapsuleShape3D_m8chi")

[node name="Physical Bone arm_stretch_r" type="PhysicalBone3D" parent="root/Skeleton3D/PhysicalBoneSimulator3D" index="4"]
transform = Transform3D(0.82243645, -0.51100814, -0.24993804, 0.4884078, 0.85957456, -0.15029809, 0.29164392, 0.0015389263, 0.95652574, -0.28317863, 1.167993, 0.064292945)
collision_layer = 512
collision_mask = 88
joint_type = 3
joint_offset = Transform3D(0.999999, 0, 0, 0, 1, 0, 0, 0, 0.999999, 1.1592913e-06, -2.1147241e-07, -3.6047102e-06)
body_offset = Transform3D(0.9995958, -0.014125671, 0.024669498, 0.027017564, 0.01260691, -1.0875083, 0.013834368, 0.9998333, 0.011934243, -1.0728836e-06, -3.9488077e-06, 2.3841858e-07)
friction = 0.5
bounce = 0.5
linear_damp = 0.2
angular_damp = 0.2
bone_name = "arm_stretch.r"
joint_constraints/angular_limit_enabled = true
joint_constraints/angular_limit_upper = 49.999992
joint_constraints/angular_limit_lower = -49.999992
joint_constraints/angular_limit_bias = 0.3
joint_constraints/angular_limit_softness = 0.9
joint_constraints/angular_limit_relaxation = 1.0

[node name="CollisionShape3D" type="CollisionShape3D" parent="root/Skeleton3D/PhysicalBoneSimulator3D/Physical Bone arm_stretch_r" index="0"]
transform = Transform3D(0.99999917, -8.940697e-08, -7.4505806e-08, -4.4703484e-08, -8.940697e-08, 1.0000001, -7.1525574e-07, -0.9999999, 6.4074993e-07, 4.4703484e-08, 1.1920929e-07, -0.22354442)
shape = SubResource("CapsuleShape3D_88lw2")

[node name="Physical Bone forearm_stretch_r" type="PhysicalBone3D" parent="root/Skeleton3D/PhysicalBoneSimulator3D" index="5"]
transform = Transform3D(0.86608446, -0.49593648, 0.06280695, 0.4913389, 0.86766016, 0.07584131, -0.09210756, -0.034825478, 0.9951399, -0.19247861, 1.2243569, -0.3579907)
collision_layer = 512
collision_mask = 88
joint_type = 3
joint_offset = Transform3D(0.999999, 0, 0, 0, 1, 0, 0, 0, 0.999999, 0.004507747, 0.0005781023, 0.068949305)
body_offset = Transform3D(0.99791765, 0.0036651143, -0.065259755, 1.065433e-06, -2.289191e-06, -0.83586407, 7.7448785e-06, 0.99997085, -0.008393362, -8.6426735e-07, 0.057632238, 5.9604645e-07)
friction = 0.5
bounce = 0.5
linear_damp = 0.2
angular_damp = 0.2
bone_name = "forearm_stretch.r"
joint_constraints/angular_limit_enabled = true
joint_constraints/angular_limit_upper = 49.999992
joint_constraints/angular_limit_lower = -49.999992
joint_constraints/angular_limit_bias = 0.3
joint_constraints/angular_limit_softness = 0.9
joint_constraints/angular_limit_relaxation = 1.0

[node name="CollisionShape3D" type="CollisionShape3D" parent="root/Skeleton3D/PhysicalBoneSimulator3D/Physical Bone forearm_stretch_r" index="0"]
transform = Transform3D(1, -3.7252903e-07, -5.066395e-07, 3.5762787e-07, 1.7881393e-07, 1, 1.4901161e-08, -1.0000011, 1.0207295e-06, -3.2782555e-07, 5.9604645e-08, -0.11102337)
shape = SubResource("CapsuleShape3D_wcel4")

[node name="Physical Bone shoulder_l" type="PhysicalBone3D" parent="root/Skeleton3D/PhysicalBoneSimulator3D" index="6"]
transform = Transform3D(-0.9587445, -0.17924689, -0.22063456, -0.2809514, 0.7157211, 0.63938224, 0.043305516, 0.6749918, -0.73655325, 0.17084138, 0.84930587, 0.65923345)
collision_layer = 512
collision_mask = 88
joint_type = 3
joint_offset = Transform3D(0.999999, 0, 0, 0, 1, 0, 0, 0, 0.999999, 9.872472e-07, -1.8519327e-06, 0.19332293)
body_offset = Transform3D(1.0000002, -4.1536987e-07, -3.2782555e-07, -3.2037497e-07, -1.3411045e-06, -0.9999999, 5.4575503e-07, 1, -1.5199184e-06, -9.23872e-07, 0.1933229, 2.1457672e-06)
friction = 0.5
bounce = 0.5
linear_damp = 0.2
angular_damp = 0.2
bone_name = "shoulder.l"
joint_constraints/angular_limit_enabled = true
joint_constraints/angular_limit_upper = 49.999992
joint_constraints/angular_limit_lower = -49.999992
joint_constraints/angular_limit_bias = 0.3
joint_constraints/angular_limit_softness = 0.9
joint_constraints/angular_limit_relaxation = 1.0

[node name="CollisionShape3D" type="CollisionShape3D" parent="root/Skeleton3D/PhysicalBoneSimulator3D/Physical Bone shoulder_l" index="0"]
transform = Transform3D(0.99999946, -5.9604645e-08, -7.4505806e-08, 9.685755e-08, 2.8219074e-07, 0.99999905, 1.937151e-07, -0.99999964, -2.4680048e-07, 0, 0, 0)
shape = SubResource("CapsuleShape3D_olajq")

[node name="Physical Bone arm_stretch_l" type="PhysicalBone3D" parent="root/Skeleton3D/PhysicalBoneSimulator3D" index="7"]
transform = Transform3D(-0.92117363, -0.35436833, 0.16081725, 0.21142599, -0.8026797, -0.55767775, 0.326708, -0.4797171, 0.8143301, 0.21349351, 0.72570014, 0.8016205)
collision_layer = 512
collision_mask = 88
joint_type = 3
joint_offset = Transform3D(0.999999, 0, 0, 0, 1, 0, 0, 0, 0.999999, 0, 0, 0)
body_offset = Transform3D(0.89350146, -0.44381154, -0.06846112, 0.051743686, -0.049687475, 0.997424, -0.4460702, -0.8947419, -0.021431416, 0, 0, 0)
friction = 0.5
bounce = 0.5
linear_damp = 0.2
angular_damp = 0.2
bone_name = "arm_stretch.l"
joint_constraints/angular_limit_enabled = true
joint_constraints/angular_limit_upper = 49.999992
joint_constraints/angular_limit_lower = -49.999992
joint_constraints/angular_limit_bias = 0.3
joint_constraints/angular_limit_softness = 0.9
joint_constraints/angular_limit_relaxation = 1.0

[node name="CollisionShape3D" type="CollisionShape3D" parent="root/Skeleton3D/PhysicalBoneSimulator3D/Physical Bone arm_stretch_l" index="0"]
transform = Transform3D(1.0000011, -1.4901161e-07, -2.9802322e-08, -7.1525574e-07, -2.2351742e-08, 0.9999991, 1.4305115e-06, -0.99999857, 8.009374e-08, -2.9802322e-08, 2.9802322e-07, 0.22894335)
shape = SubResource("CapsuleShape3D_s76kl")

[node name="Physical Bone forearm_stretch_l" type="PhysicalBone3D" parent="root/Skeleton3D/PhysicalBoneSimulator3D" index="8"]
transform = Transform3D(-0.6351557, 0.72452813, 0.26764977, 0.765815, 0.6358332, 0.09614348, -0.10052197, 0.2660363, -0.9587075, 0.2509911, 0.51496935, 1.2031521)
collision_layer = 512
collision_mask = 88
joint_type = 3
joint_offset = Transform3D(0.999999, 0, 0, 0, 1, 0, 0, 0, 0.999999, 4.5171128e-06, -6.3503256e-07, 0.057623867)
body_offset = Transform3D(1.0000001, 2.052635e-06, -3.3974648e-06, -3.4943223e-06, -5.662441e-07, -1.000001, -2.2985041e-06, 1.0000004, -3.5762787e-07, -4.3213367e-06, 0.057623923, 6.556511e-07)
friction = 0.5
bounce = 0.5
linear_damp = 0.2
angular_damp = 0.2
bone_name = "forearm_stretch.l"
joint_constraints/angular_limit_enabled = true
joint_constraints/angular_limit_upper = 49.999992
joint_constraints/angular_limit_lower = -49.999992
joint_constraints/angular_limit_bias = 0.3
joint_constraints/angular_limit_softness = 0.9
joint_constraints/angular_limit_relaxation = 1.0

[node name="CollisionShape3D" type="CollisionShape3D" parent="root/Skeleton3D/PhysicalBoneSimulator3D/Physical Bone forearm_stretch_l" index="0"]
transform = Transform3D(0.9999944, -2.3841858e-07, 1.4603138e-06, 2.3841858e-07, 2.9802322e-08, 0.99999803, 8.046627e-07, -0.9999995, -7.599592e-07, 2.9802322e-08, -5.9604645e-08, -0.092553705)
shape = SubResource("CapsuleShape3D_wkn5m")

[node name="Physical Bone thigh_stretch_l" type="PhysicalBone3D" parent="root/Skeleton3D/PhysicalBoneSimulator3D" index="9"]
transform = Transform3D(0.35654733, -0.24329871, 0.902042, 0.71085244, -0.5558832, -0.43090916, 0.60626966, 0.7948582, -0.025249189, 0.17473777, 0.30014637, 0.21026915)
collision_layer = 512
collision_mask = 88
joint_type = 3
joint_offset = Transform3D(0.999999, 0, 0, 0, 1, 0, 0, 0, 0.999999, 0, 0, 0)
body_offset = Transform3D(0.9713099, 0.23702326, -0.019440537, 0.017006755, 0.012308508, 0.99977946, 0.23721036, -0.97142667, 0.007924449, 0, 0, 0)
friction = 0.5
bounce = 0.5
linear_damp = 0.2
angular_damp = 0.2
bone_name = "thigh_stretch.l"
joint_constraints/angular_limit_enabled = true
joint_constraints/angular_limit_upper = 49.999992
joint_constraints/angular_limit_lower = -49.999992
joint_constraints/angular_limit_bias = 0.3
joint_constraints/angular_limit_softness = 0.9
joint_constraints/angular_limit_relaxation = 1.0

[node name="CollisionShape3D" type="CollisionShape3D" parent="root/Skeleton3D/PhysicalBoneSimulator3D/Physical Bone thigh_stretch_l" index="0"]
transform = Transform3D(1, 4.0233135e-07, 1.937151e-07, -3.427267e-07, 1.4901161e-08, 0.9999978, -3.5762787e-07, -1.0000005, 1.5646219e-07, -9.685755e-08, -2.0861626e-07, 0.10574958)
shape = SubResource("CapsuleShape3D_dv28l")

[node name="Physical Bone leg_stretch_l" type="PhysicalBone3D" parent="root/Skeleton3D/PhysicalBoneSimulator3D" index="10"]
transform = Transform3D(0.9364982, 0.3280736, 0.123850055, -0.3300334, 0.7052044, 0.6275068, 0.118528806, -0.62853366, 0.7686979, 0.3327132, 0.17323253, 0.15032828)
collision_layer = 512
collision_mask = 88
joint_type = 3
joint_offset = Transform3D(0.999999, 0, 0, 0, 1, 0, 0, 0, 0.999999, -2.630068e-07, -1.7488259e-06, 0.07673598)
body_offset = Transform3D(1.0000001, 2.4214387e-06, -2.7865171e-06, -2.95043e-06, 1.8775463e-06, -1.0000007, -2.4065375e-06, 1.000001, 1.8179417e-06, 4.7683716e-07, 0.07673603, 1.6093254e-06)
friction = 0.5
bounce = 0.5
linear_damp = 0.2
angular_damp = 0.2
bone_name = "leg_stretch.l"
joint_constraints/angular_limit_enabled = true
joint_constraints/angular_limit_upper = 49.999992
joint_constraints/angular_limit_lower = -49.999992
joint_constraints/angular_limit_bias = 0.3
joint_constraints/angular_limit_softness = 0.9
joint_constraints/angular_limit_relaxation = 1.0

[node name="CollisionShape3D" type="CollisionShape3D" parent="root/Skeleton3D/PhysicalBoneSimulator3D/Physical Bone leg_stretch_l" index="0"]
transform = Transform3D(1, 0, 6.9849193e-09, 0, 1.1641532e-10, 1, 0, -1, -2.2118911e-09, 0, 0, 0)
shape = SubResource("CapsuleShape3D_8uajf")

[node name="Physical Bone foot_l" type="PhysicalBone3D" parent="root/Skeleton3D/PhysicalBoneSimulator3D" index="11"]
transform = Transform3D(-0.96229535, 0.2147179, -0.16698498, 8.00887e-05, 0.6141234, 0.78921, 0.2720069, 0.7594397, -0.5909853, 0.33452857, 0.07156592, 0.1314179)
collision_layer = 512
collision_mask = 88
joint_type = 3
joint_offset = Transform3D(0.999999, 0, 0, 0, 1, 0, 0, 0, 0.999999, -3.0170772e-06, -3.326271e-07, 0.06780778)
body_offset = Transform3D(1.0000001, 1.4603138e-06, -2.5331974e-06, -1.7732382e-06, -1.1920929e-07, -1.0000002, -1.5348196e-06, 1.0000002, -1.4901161e-07, 3.1888485e-06, 0.06780779, 3.427267e-07)
friction = 0.5
bounce = 0.5
linear_damp = 0.2
angular_damp = 0.2
bone_name = "foot.l"
joint_constraints/angular_limit_enabled = true
joint_constraints/angular_limit_upper = 49.999992
joint_constraints/angular_limit_lower = -49.999992
joint_constraints/angular_limit_bias = 0.3
joint_constraints/angular_limit_softness = 0.9
joint_constraints/angular_limit_relaxation = 1.0

[node name="CollisionShape3D" type="CollisionShape3D" parent="root/Skeleton3D/PhysicalBoneSimulator3D/Physical Bone foot_l" index="0"]
transform = Transform3D(1, 0, -2.5579538e-13, 0, 0, 1, -4.2632564e-14, -1, 0, 0, 0, 0)
shape = SubResource("CapsuleShape3D_xw5iv")

[node name="Physical Bone thigh_stretch_r" type="PhysicalBone3D" parent="root/Skeleton3D/PhysicalBoneSimulator3D" index="12"]
transform = Transform3D(0.27712566, 0.80057865, -0.53129584, 0.1814435, -0.5866081, -0.789284, -0.94354635, 0.122330666, -0.30782396, -0.1716452, 0.3967495, 0.011037715)
collision_layer = 512
collision_mask = 88
joint_type = 3
joint_offset = Transform3D(0.999999, 0, 0, 0, 1, 0, 0, 0, 0.999999, 0, 0, 0)
body_offset = Transform3D(1.0000001, -4.4703484e-08, -1.1920929e-07, 5.9604645e-08, -0.0022477396, 0.9999976, -1.1920929e-07, -0.999998, -0.0022476092, 0, 0, 0)
friction = 0.5
bounce = 0.5
linear_damp = 0.2
angular_damp = 0.2
bone_name = "thigh_stretch.r"
joint_constraints/angular_limit_enabled = true
joint_constraints/angular_limit_upper = 49.999992
joint_constraints/angular_limit_lower = -49.999992
joint_constraints/angular_limit_bias = 0.3
joint_constraints/angular_limit_softness = 0.9
joint_constraints/angular_limit_relaxation = 1.0

[node name="CollisionShape3D" type="CollisionShape3D" parent="root/Skeleton3D/PhysicalBoneSimulator3D/Physical Bone thigh_stretch_r" index="0"]
transform = Transform3D(0.9999994, 2.9802322e-06, 2.5820918e-07, -4.004687e-08, -1.0768417e-08, 1.0000077, 2.8312206e-07, -0.9999994, -1.9033905e-08, -2.9802322e-08, 0, 0.09890127)
shape = SubResource("CapsuleShape3D_ojtb5")

[node name="Physical Bone leg_stretch_r" type="PhysicalBone3D" parent="root/Skeleton3D/PhysicalBoneSimulator3D" index="13"]
transform = Transform3D(0.27956975, -0.79938805, 0.53180784, 0.18506984, 0.58837384, 0.78712475, -0.94211996, -0.12163467, 0.31243414, -0.3111201, 0.19051471, -0.06995942)
collision_layer = 512
collision_mask = 88
joint_type = 3
joint_offset = Transform3D(0.999999, 0, 0, 0, 1, 0, 0, 0, 0.999999, 4.866051e-07, -2.1146739e-06, 0.07673779)
body_offset = Transform3D(0.99999964, -6.340444e-06, -1.3411045e-06, -1.4007092e-06, 7.1302056e-06, -1, 6.236136e-06, 1.000001, 6.9737434e-06, -3.837049e-07, 0.07673779, 1.5795231e-06)
friction = 0.5
bounce = 0.5
linear_damp = 0.2
angular_damp = 0.2
bone_name = "leg_stretch.r"
joint_constraints/angular_limit_enabled = true
joint_constraints/angular_limit_upper = 49.999992
joint_constraints/angular_limit_lower = -49.999992
joint_constraints/angular_limit_bias = 0.3
joint_constraints/angular_limit_softness = 0.9
joint_constraints/angular_limit_relaxation = 1.0

[node name="CollisionShape3D" type="CollisionShape3D" parent="root/Skeleton3D/PhysicalBoneSimulator3D/Physical Bone leg_stretch_r" index="0"]
transform = Transform3D(1, 4.4703484e-07, 6.0535967e-09, -9.313226e-10, -1.5133992e-09, 1, 2.9802322e-07, -0.99999905, -1.6298145e-09, 0, 0, 0)
shape = SubResource("CapsuleShape3D_dsja0")

[node name="Physical Bone foot_r" type="PhysicalBone3D" parent="root/Skeleton3D/PhysicalBoneSimulator3D" index="14"]
transform = Transform3D(-0.9443144, -0.25227746, 0.21124965, 0.021792319, 0.5926496, 0.8051656, -0.32832214, 0.76493305, -0.55414987, -0.36624965, 0.07551834, -0.05635629)
collision_layer = 512
collision_mask = 88
joint_type = 3
joint_offset = Transform3D(0.999999, 0, 0, 0, 1, 0, 0, 0, 0.999999, 1.4825102e-06, -3.515396e-07, 0.06780923)
body_offset = Transform3D(1.0000007, 2.8908253e-06, 2.30968e-06, 1.9669533e-06, 1.7374754e-05, -1, -2.2351742e-06, 0.99999994, 1.8149614e-05, -1.6391277e-06, 0.06780923, -8.791685e-07)
friction = 0.5
bounce = 0.5
linear_damp = 0.2
angular_damp = 0.2
bone_name = "foot.r"
joint_constraints/angular_limit_enabled = true
joint_constraints/angular_limit_upper = 49.999992
joint_constraints/angular_limit_lower = -49.999992
joint_constraints/angular_limit_bias = 0.3
joint_constraints/angular_limit_softness = 0.9
joint_constraints/angular_limit_relaxation = 1.0

[node name="CollisionShape3D" type="CollisionShape3D" parent="root/Skeleton3D/PhysicalBoneSimulator3D/Physical Bone foot_r" index="0"]
transform = Transform3D(1, 2.1316282e-12, 1.4210855e-12, 0, 0, 1, 0, -1, 0, 0, 0, 0)
shape = SubResource("CapsuleShape3D_5mx8a")
